0	5
0.008	7
0.016	5
0.024	4
0.032	7
0.04	7
0.048	8
0.056	7
0.064	9
0.072	1
0.08	3
0.088	2
0.096	3
0.104	6
0.112	7
0.12	6
0.128	9
0.136	5
0.144	7
0.152	2
0.16	4
0.168	8
0.176	5
0.184	8
0.192	6
0.2	7
0.208	5
0.216	3
0.224	4
0.232	7
0.24	5
0.248	5
0.256	4
0.264	6
0.272	5
0.28	7
0.288	1
0.296	2
0.304	4
0.312	7
0.32	6
0.328	6
0.336	8
0.344	9
0.352	7
0.36	10
0.368	10
0.376	3
0.384	2
0.392	9
0.4	3
0.408	12
0.416	6
0.424	5
0.432	3
0.44	1
0.448	6
0.456	7
0.464	7
0.472	4
0.48	5
0.488	7
0.496	4
0.504	12
0.512	9
0.52	4
0.528	7
0.536	4
0.544	3
0.552	5
0.56	4
0.568	4
0.576	12
0.584	5
0.592	4
0.6	5
0.608	2
0.616	4
0.624	3
0.632	5
0.64	3
0.648	4
0.656	2
0.664	9
0.672	3
0.68	7
0.688	5
0.696	6
0.704	4
0.712	6
0.72	3
0.728	6
0.736	6
0.744	3
0.752	6
0.76	3
0.768	7
0.776	5
0.784	8
0.792	7
0.8	2
0.808	6
0.816	7
0.824	2
0.832	1
0.84	9
0.848	1
0.856	5
0.864	5
0.872	6
0.88	5
0.888	3
0.896	3
0.904	8
0.912	9
0.92	5
0.928	5
0.936	1
0.944	4
0.952	9
0.96	2
0.968	3
0.976	9
0.984	6
0.992	4
1	5
1.008	5
1.016	4
1.024	7
1.032	7
1.04	8
1.048	7
1.056	10
1.064	8
1.072	9
1.08	3
1.088	6
1.096	7
1.104	9
1.112	4
1.12	6
1.128	8
1.136	8
1.144	4
1.152	6
1.16	5
1.168	6
1.176	7
1.184	4
1.192	4
1.2	8
1.208	4
1.216	8
1.224	7
1.232	7
1.24	2
1.248	3
1.256	6
1.264	5
1.272	3
1.28	5
1.288	6
1.296	8
1.304	2
1.312	7
1.32	3
1.328	6
1.336	2
1.344	2
1.352	7
1.36	5
1.368	9
1.376	4
1.384	5
1.392	3
1.4	4
1.408	7
1.416	5
1.424	2
1.432	5
1.44	6
1.448	7
1.456	3
1.464	8
1.472	6
1.48	2
1.488	6
1.496	2
1.504	3
1.512	8
1.52	7
1.528	8
1.536	6
1.544	3
1.552	9
1.56	4
1.568	4
1.576	5
1.584	10
1.592	4
1.6	3
1.608	7
1.616	5
1.624	6
1.632	7
1.64	5
1.648	8
1.656	4
1.664	3
1.672	7
1.68	4
1.688	3
1.696	5
1.704	2
1.712	4
1.72	6
1.728	12
1.736	7
1.744	4
1.752	2
1.76	9
1.768	5
1.776	8
1.784	5
1.792	4
1.8	3
1.808	1
1.816	6
1.824	4
1.832	5
1.84	4
1.848	8
1.856	3
1.864	9
1.872	11
1.88	6
1.888	6
1.896	6
1.904	5
1.912	8
1.92	9
1.928	3
1.936	2
1.944	9
1.952	9
1.96	4
1.968	7
1.976	3
1.984	5
1.992	8
2	4
2.008	4
2.016	4
2.024	7
2.032	8
2.04	4
2.048	4
2.056	4
2.064	4
2.072	4
2.08	4
2.088	4
2.096	1
2.104	5
2.112	4
2.12	2
2.128	2
2.136	3
2.144	3
2.152	5
2.16	9
2.168	2
2.176	2
2.184	11
2.192	4
2.2	6
2.208	8
2.216	4
2.224	9
2.232	9
2.24	4
2.248	5
2.256	5
2.264	3
2.272	3
2.28	2
2.288	6
2.296	2
2.304	4
2.312	10
2.32	5
2.328	6
2.336	4
2.344	5
2.352	4
2.36	6
2.368	7
2.376	4
2.384	8
2.392	6
2.4	3
2.408	3
2.416	5
2.424	6
2.432	7
2.44	6
2.448	10
2.456	7
2.464	4
2.472	2
2.48	4
2.488	4
2.496	7
2.504	6
2.512	6
2.52	1
2.528	4
2.536	3
2.544	8
2.552	5
2.56	7
2.568	6
2.576	4
2.584	5
2.592	8
2.6	4
2.608	3
2.616	3
2.624	6
2.632	7
2.64	5
2.648	4
2.656	6
2.664	3
2.672	4
2.68	7
2.688	1
2.696	5
2.704	4
2.712	5
2.72	2
2.728	5
2.736	10
2.744	8
2.752	6
2.76	9
2.768	1
2.776	7
2.784	4
2.792	9
2.8	3
2.808	3
2.816	7
2.824	3
2.832	10
2.84	5
2.848	7
2.856	8
2.864	1
2.872	7
2.88	2
2.888	4
2.896	3
2.904	6
2.912	4
2.92	4
2.928	3
2.936	3
2.944	6
2.952	10
2.96	7
2.968	8
2.976	6
2.984	2
2.992	5
3	4
3.008	3
3.016	3
3.024	8
3.032	5
3.04	8
3.048	6
3.056	6
3.064	4
3.072	4
3.08	6
3.088	4
3.096	6
3.104	1
3.112	6
3.12	2
3.128	11
3.136	2
3.144	6
3.152	3
3.16	4
3.168	10
3.176	2
3.184	5
3.192	8
3.2	7
3.208	4
3.216	4
3.224	6
3.232	4
3.24	1
3.248	4
3.256	2
3.264	6
3.272	2
3.28	3
3.288	6
3.296	2
3.304	4
3.312	6
3.32	7
3.328	6
3.336	3
3.344	4
3.352	4
3.36	6
3.368	1
3.376	11
3.384	12
3.392	5
3.4	3
3.408	7
3.416	3
3.424	5
3.432	6
3.44	5
3.448	8
3.456	7
3.464	4
3.472	9
3.48	5
3.488	4
3.496	4
3.504	5
3.512	5
3.52	5
3.528	4
3.536	3
3.544	3
3.552	5
3.56	8
3.568	8
3.576	6
3.584	5
3.592	6
3.6	9
3.608	2
3.616	3
3.624	4
3.632	4
3.64	6
3.648	6
3.656	8
3.664	7
3.672	5
3.68	3
3.688	4
3.696	8
3.704	7
3.712	5
3.72	3
3.728	4
3.736	4
3.744	3
3.752	1
3.76	4
3.768	4
3.776	4
3.784	4
3.792	9
3.8	7
3.808	4
3.816	6
3.824	12
3.832	8
3.84	4
3.848	2
3.856	5
3.864	6
3.872	5
3.88	6
3.888	5
3.896	4
3.904	11
3.912	5
3.92	1
3.928	6
3.936	2
3.944	9
3.952	2
3.96	4
3.968	8
3.976	1
3.984	5
3.992	4
4	6
4.008	4
4.016	5
4.024	4
4.032	4
4.04	5
4.048	4
4.056	12
4.064	4
4.072	1
4.08	8
4.088	5
4.096	5
4.104	4
4.112	5
4.12	8
4.128	1
4.136	6
4.144	4
4.152	9
4.16	6
4.168	4
4.176	2
4.184	6
4.192	8
4.2	6
4.208	8
4.216	5
4.224	5
4.232	3
4.24	6
4.248	7
4.256	3
4.264	4
4.272	5
4.28	6
4.288	4
4.296	1
4.304	9
4.312	8
4.32	6
4.328	1
4.336	3
4.344	4
4.352	2
4.36	6
4.368	5
4.376	4
4.384	3
4.392	5
4.4	5
4.408	7
4.416	4
4.424	4
4.432	5
4.44	6
4.448	4
4.456	3
4.464	7
4.472	4
4.48	7
4.488	9
4.496	14
4.504	19
4.512	21
4.52	44
4.528	59
4.536	100
4.544	128
4.552	219
4.56	265
4.568	401
4.576	591
4.584	793
4.592	1107
4.6	1472
4.608	1954
4.616	2513
4.624	3174
4.632	4039
4.64	5183
4.648	6437
4.656	7941
4.664	9517
4.672	11377
4.68	13798
4.688	16070
4.696	18771
4.704	21701
4.712	24894
4.72	28545
4.728	32221
4.736	36062
4.744	40103
4.752	45203
4.76	49288
4.768	54418
4.776	59120
4.784	64614
4.792	69090
4.8	73308
4.808	77491
4.816	80763
4.824	84502
4.832	87326
4.84	88771
4.848	91194
4.856	93228
4.864	94136
4.872	95230
4.88	96810
4.888	97637
4.896	98379
4.904	98965
4.912	98812
4.92	98786
4.928	99661
4.936	99573
4.944	99795
4.952	99496
4.96	99181
4.968	99881
4.976	1e+05
4.984	99702
4.992	99586
5	99069
5.008	99161
5.016	99677
5.024	98727
5.032	98688
5.04	98757
5.048	98062
5.056	97699
5.064	98262
5.072	97479
5.08	96654
5.088	96925
5.096	96667
5.104	96780
5.112	97126
5.12	96529
5.128	96601
5.136	96025
5.144	95095
5.152	95312
5.16	95373
5.168	94400
5.176	94493
5.184	94516
5.192	93802
5.2	93365
5.208	93114
5.216	93559
5.224	92712
5.232	92974
5.24	92353
5.248	92209
5.256	92165
5.264	91547
5.272	91592
5.28	91116
5.288	91198
5.296	90246
5.304	90748
5.312	90702
5.32	90227
5.328	89892
5.336	89996
5.344	89503
5.352	89403
5.36	88795
5.368	88673
5.376	89073
5.384	88408
5.392	88523
5.4	88668
5.408	87838
5.416	87509
5.424	87682
5.432	87140
5.44	87243
5.448	87063
5.456	86603
5.464	86998
5.472	86089
5.48	85890
5.488	85888
5.496	85862
5.504	85637
5.512	85327
5.52	84826
5.528	84857
5.536	84940
5.544	84524
5.552	83613
5.56	84373
5.568	83962
5.576	83684
5.584	83498
5.592	83158
5.6	83148
5.608	82388
5.616	82935
5.624	82556
5.632	81986
5.64	81823
5.648	81695
5.656	81829
5.664	81464
5.672	81469
5.68	81598
5.688	81262
5.696	80769
5.704	80561
5.712	80719
5.72	80207
5.728	80106
5.736	79922
5.744	79479
5.752	79071
5.76	79743
5.768	79330
5.776	79153
5.784	79321
5.792	78852
5.8	78317
5.808	78026
5.816	78204
5.824	77629
5.832	77189
5.84	77593
5.848	77342
5.856	77039
5.864	76215
5.872	76517
5.88	76429
5.888	76361
5.896	76505
5.904	75865
5.912	75993
5.92	75843
5.928	75472
5.936	75450
5.944	75473
5.952	75025
5.96	75030
5.968	74593
5.976	74700
5.984	74422
5.992	74362
6	74008
6.008	73692
6.016	73722
6.024	73777
6.032	73532
6.04	73277
6.048	73020
6.056	72444
6.064	72789
6.072	73041
6.08	72250
6.088	72544
6.096	72604
6.104	71766
6.112	71630
6.12	71416
6.128	71390
6.136	71415
6.144	70966
6.152	71507
6.16	71056
6.168	70937
6.176	70572
6.184	70626
6.192	70349
6.2	70659
6.208	69172
6.216	70220
6.224	69718
6.232	69417
6.24	69073
6.248	68981
6.256	69271
6.264	68860
6.272	68769
6.28	68290
6.288	67955
6.296	68379
6.304	68253
6.312	67452
6.32	67366
6.328	67474
6.336	67948
6.344	67088
6.352	67116
6.36	67159
6.368	66709
6.376	66784
6.384	67002
6.392	66350
6.4	66143
6.408	66101
6.416	65941
6.424	65708
6.432	65944
6.44	65508
6.448	65041
6.456	65157
6.464	65208
6.472	65233
6.48	65242
6.488	65062
6.496	64587
6.504	64066
6.512	63848
6.52	64299
6.528	64151
6.536	64272
6.544	63893
6.552	63736
6.56	63291
6.568	63481
6.576	63156
6.584	62818
6.592	62625
6.6	63023
6.608	62628
6.616	62853
6.624	62542
6.632	62578
6.64	62160
6.648	62252
6.656	61780
6.664	61064
6.672	61944
6.68	61468
6.688	61566
6.696	61534
6.704	61092
6.712	61103
6.72	60523
6.728	60933
6.736	60749
6.744	60424
6.752	60374
6.76	60359
6.768	59702
6.776	59566
6.784	59732
6.792	60080
6.8	59675
6.808	59100
6.816	58698
6.824	59342
6.832	58815
6.84	58596
6.848	58384
6.856	58611
6.864	58845
6.872	58678
6.88	57931
6.888	58083
6.896	57706
6.904	57794
6.912	57600
6.92	57496
6.928	57410
6.936	57820
6.944	57141
6.952	57297
6.96	56574
6.968	56517
6.976	56723
6.984	56602
6.992	56715
7	56273
7.008	56031
7.016	56103
7.024	56373
7.032	55898
7.04	55915
7.048	55781
7.056	55237
7.064	55708
7.072	54831
7.08	55085
7.088	54955
7.096	54875
7.104	54930
7.112	54821
7.12	54702
7.128	54446
7.136	54370
7.144	54367
7.152	54498
7.16	54041
7.168	53808
7.176	53792
7.184	53684
7.192	53451
7.2	53854
7.208	53486
7.216	53226
7.224	52930
7.232	53016
7.24	52786
7.248	52712
7.256	52770
7.264	52238
7.272	52327
7.28	52275
7.288	52060
7.296	52138
7.304	52272
7.312	51525
7.32	52295
7.328	52349
7.336	51467
7.344	51487
7.352	51178
7.36	51450
7.368	51518
7.376	51086
7.384	51157
7.392	50666
7.4	50971
7.408	51264
7.416	50261
7.424	49945
7.432	50342
7.44	49650
7.448	50057
7.456	49916
7.464	49614
7.472	50018
7.48	49632
7.488	49511
7.496	49147
7.504	49497
7.512	49070
7.52	49230
7.528	48889
7.536	48766
7.544	49057
7.552	48705
7.56	49012
7.568	48034
7.576	48038
7.584	48327
7.592	48090
7.6	48191
7.608	47778
7.616	48066
7.624	47657
7.632	47841
7.64	47689
7.648	47375
7.656	47497
7.664	47138
7.672	47217
7.68	47030
7.688	47106
7.696	46689
7.704	46342
7.712	46685
7.72	46577
7.728	46598
7.736	46219
7.744	46590
7.752	46067
7.76	46390
7.768	46429
7.776	45843
7.784	45247
7.792	46134
7.8	45609
7.808	45868
7.816	45180
7.824	45228
7.832	45004
7.84	45241
7.848	45182
7.856	44705
7.864	44439
7.872	44861
7.88	44783
7.888	44870
7.896	44368
7.904	44284
7.912	44271
7.92	44251
7.928	44389
7.936	43702
7.944	43653
7.952	44230
7.96	43512
7.968	43806
7.976	43592
7.984	43143
7.992	43708
8	43180
8.008	43220
8.016	43231
8.024	42913
8.032	42758
8.04	43186
8.048	42781
8.056	42357
8.064	42735
8.072	42282
8.08	42567
8.088	41773
8.096	42305
8.104	42131
8.112	42048
8.12	41691
8.128	41627
8.136	41857
8.144	41812
8.152	41351
8.16	41057
8.168	41472
8.176	41372
8.184	41129
8.192	41522
8.2	41067
8.208	41016
8.216	40620
8.224	40779
8.232	41150
8.24	40569
8.248	40280
8.256	40530
8.264	40535
8.272	40357
8.28	39998
8.288	39913
8.296	39939
8.304	39692
8.312	39753
8.32	39822
8.328	39905
8.336	39870
8.344	39618
8.352	39548
8.36	39566
8.368	38847
8.376	39003
8.384	38833
8.392	38863
8.4	38549
8.408	38727
8.416	38666
8.424	38802
8.432	38641
8.44	38312
8.448	38919
8.456	38636
8.464	38568
8.472	38233
8.48	37942
8.488	38283
8.496	38039
8.504	37980
8.512	37771
8.52	37892
8.528	37869
8.536	37871
8.544	37411
8.552	37914
8.56	37426
8.568	37162
8.576	36987
8.584	37045
8.592	36971
8.6	36844
8.608	36802
8.616	36741
8.624	36750
8.632	36584
8.64	36467
8.648	36455
8.656	36490
8.664	36287
8.672	36542
8.68	36292
8.688	35922
8.696	35724
8.704	36129
8.712	35848
8.72	35873
8.728	35850
8.736	35793
8.744	35414
8.752	35836
8.76	35441
8.768	35557
8.776	35265
8.784	35200
8.792	35577
8.8	35158
8.808	34885
8.816	35031
8.824	34941
8.832	34748
8.84	34921
8.848	34645
8.856	34551
8.864	34605
8.872	34370
8.88	34126
8.888	34572
8.896	34468
8.904	34340
8.912	34154
8.92	33918
8.928	33788
8.936	33738
8.944	33859
8.952	34063
8.96	33935
8.968	33338
8.976	33564
8.984	33171
8.992	33198
9	33241
9.008	33170
9.016	33300
9.024	32878
9.032	33069
9.04	33207
9.048	33126
9.056	32900
9.064	32898
9.072	32887
9.08	32492
9.088	32817
9.096	32643
9.104	32361
9.112	32226
9.12	32289
9.128	32151
9.136	32049
9.144	32180
9.152	32064
9.16	32137
9.168	31976
9.176	32042
9.184	31720
9.192	31758
9.2	31427
9.208	31677
9.216	31173
9.224	31549
9.232	31441
9.24	31475
9.248	31110
9.256	31233
9.264	31198
9.272	31129
9.28	31019
9.288	30828
9.296	31049
9.304	31015
9.312	30869
9.32	30787
9.328	30539
9.336	30389
9.344	30587
9.352	30125
9.36	30289
9.368	30444
9.376	30150
9.384	29976
9.392	30001
9.4	29939
9.408	29688
9.416	29671
9.424	29776
9.432	30083
9.44	29915
9.448	29869
9.456	29559
9.464	29361
9.472	29563
9.48	29349
9.488	29537
9.496	29467
9.504	29304
9.512	29232
9.52	29473
9.528	28737
9.536	28851
9.544	28578
9.552	29060
9.56	28813
9.568	28697
9.576	28910
9.584	28535
9.592	28381
9.6	28440
9.608	28719
9.616	28611
9.624	28242
9.632	28388
9.64	28159
9.648	28436
9.656	28184
9.664	27946
9.672	27867
9.68	27918
9.688	27698
9.696	27443
9.704	27915
9.712	27585
9.72	27579
9.728	27651
9.736	27200
9.744	27702
9.752	27534
9.76	27261
9.768	27239
9.776	27330
9.784	27139
9.792	27466
9.8	27011
9.808	26984
9.816	27023
9.824	26801
9.832	26904
9.84	26706
9.848	26925
9.856	26548
9.864	26780
9.872	26516
9.88	26744
9.888	26335
9.896	26440
9.904	26063
9.912	26334
9.92	26204
9.928	26369
9.936	26295
9.944	26090
9.952	25936
9.96	26200
9.968	26312
9.976	26010
9.984	25658
9.992	25839
10	25327
10.008	25618
10.016	25440
10.024	25483
10.032	25355
10.04	25544
10.048	25267
10.056	25176
10.064	25056
10.072	25477
10.08	25155
10.088	25166
10.096	24929
10.104	24903
10.112	25017
10.12	24708
10.128	24862
10.136	25018
10.144	24823
10.152	24774
10.16	24649
10.168	24618
10.176	24518
10.184	24505
10.192	24399
10.2	24325
10.208	24381
10.216	24074
10.224	24239
10.232	24291
10.24	24345
10.248	23948
10.256	24342
10.264	23986
10.272	24141
10.28	23954
10.288	23857
10.296	23755
10.304	23769
10.312	23714
10.32	23831
10.328	23522
10.336	23791
10.344	23484
10.352	23461
10.36	23583
10.368	23516
10.376	23153
10.384	23215
10.392	23191
10.4	23408
10.408	23092
10.416	23357
10.424	23104
10.432	23014
10.44	23149
10.448	22965
10.456	22877
10.464	22754
10.472	22802
10.48	22657
10.488	22595
10.496	22622
10.504	22537
10.512	22751
10.52	22353
10.528	22240
10.536	22424
10.544	22236
10.552	22516
10.56	22526
10.568	22122
10.576	22281
10.584	22166
10.592	21978
10.6	22162
10.608	22261
10.616	22060
10.624	21976
10.632	21943
10.64	22109
10.648	21947
10.656	21826
10.664	21755
10.672	21643
10.68	21678
10.688	21635
10.696	21385
10.704	21421
10.712	21478
10.72	21331
10.728	21450
10.736	21457
10.744	21064
10.752	21238
10.76	21175
10.768	21324
10.776	21120
10.784	21358
10.792	21192
10.8	20913
10.808	21136
10.816	21252
10.824	21002
10.832	20883
10.84	20798
10.848	20677
10.856	20884
10.864	20751
10.872	20900
10.88	20637
10.888	20547
10.896	20486
10.904	20452
10.912	20312
10.92	20413
10.928	20206
10.936	20034
10.944	20102
10.952	20027
10.96	20350
10.968	20320
10.976	20154
10.984	20155
10.992	19863
11	19951
11.008	19734
11.016	19866
11.024	19850
11.032	20010
11.04	20071
11.048	19561
11.056	19764
11.064	19583
11.072	19436
11.08	19578
11.088	19409
11.096	19466
11.104	19343
11.112	19310
11.12	19414
11.128	19429
11.136	19250
11.144	19195
11.152	19527
11.16	18962
11.168	18944
11.176	19107
11.184	19043
11.192	18974
11.2	18707
11.208	18875
11.216	18840
11.224	18563
11.232	18811
11.24	18413
11.248	18748
11.256	18456
11.264	18280
11.272	18708
11.28	18574
11.288	18465
11.296	18421
11.304	18444
11.312	18436
11.32	18229
11.328	18385
11.336	18407
11.344	18169
11.352	17955
11.36	18136
11.368	18146
11.376	17877
11.384	18164
11.392	17970
11.4	18005
11.408	17806
11.416	17978
11.424	17760
11.432	17780
11.44	17734
11.448	17767
11.456	17878
11.464	17691
11.472	17615
11.48	17632
11.488	17388
11.496	17613
11.504	17485
11.512	17507
11.52	17506
11.528	17370
11.536	17568
11.544	17492
11.552	17371
11.56	17152
11.568	17330
11.576	17118
11.584	17239
11.592	17132
11.6	17172
11.608	16919
11.616	16894
11.624	16929
11.632	16919
11.64	17001
11.648	16926
11.656	16909
11.664	16874
11.672	17012
11.68	16757
11.688	16886
11.696	16455
11.704	16813
11.712	16835
11.72	16826
11.728	16534
11.736	16443
11.744	16438
11.752	16372
11.76	16705
11.768	16343
11.776	16303
11.784	16273
11.792	16395
11.8	16068
11.808	16438
11.816	16318
11.824	16121
11.832	15929
11.84	15877
11.848	15969
11.856	15993
11.864	15940
11.872	15775
11.88	15936
11.888	15771
11.896	15703
11.904	15618
11.912	15897
11.92	15775
11.928	15907
11.936	15532
11.944	15774
11.952	15585
11.96	15800
11.968	15621
11.976	15531
11.984	15595
11.992	15248
12	15376
12.008	15614
12.016	15297
12.024	15149
12.032	15260
12.04	15343
12.048	15161
12.056	15292
12.064	15103
12.072	14972
12.08	15278
12.088	15283
12.096	15146
12.104	14986
12.112	14959
12.12	14952
12.128	14744
12.136	14832
12.144	15065
12.152	14971
12.16	14937
12.168	14684
12.176	14780
12.184	14652
12.192	14426
12.2	14752
12.208	14678
12.216	14586
12.224	14843
12.232	14487
12.24	14463
12.248	14499
12.256	14396
12.264	14379
12.272	14258
12.28	14275
12.288	14355
12.296	14268
12.304	14405
12.312	14416
12.32	14337
12.328	14328
12.336	14027
12.344	14042
12.352	14152
12.36	14126
12.368	14111
12.376	14166
12.384	14143
12.392	14082
12.4	14000
12.408	13825
12.416	13790
12.424	13689
12.432	14001
12.44	13877
12.448	13867
12.456	13735
12.464	13424
12.472	13571
12.48	13741
12.488	13507
12.496	13393
12.504	13740
12.512	13584
12.52	13555
12.528	13390
12.536	13325
12.544	13569
12.552	13600
12.56	13427
12.568	13413
12.576	13144
12.584	13351
12.592	13347
12.6	13084
12.608	13246
12.616	13250
12.624	13224
12.632	13184
12.64	12988
12.648	13317
12.656	13023
12.664	12952
12.672	13205
12.68	12831
12.688	12940
12.696	12898
12.704	12966
12.712	12795
12.72	13007
12.728	12864
12.736	12687
12.744	12733
12.752	12800
12.76	12733
12.768	12732
12.776	12793
12.784	12692
12.792	12534
12.8	12712
12.808	12633
12.816	12730
12.824	12510
12.832	12442
12.84	12468
12.848	12462
12.856	12462
12.864	12254
12.872	12450
12.88	12354
12.888	12486
12.896	12331
12.904	12070
12.912	12271
12.92	12219
12.928	12260
12.936	12493
12.944	12151
12.952	11955
12.96	11908
12.968	12015
12.976	11973
12.984	11959
12.992	12010
13	11972
13.008	12235
13.016	12145
13.024	11988
13.032	11978
13.04	11829
13.048	11910
13.056	11806
13.064	11901
13.072	11752
13.08	11656
13.088	11593
13.096	11561
13.104	11619
13.112	11611
13.12	11545
13.128	11683
13.136	11426
13.144	11570
13.152	11482
13.16	11504
13.168	11571
13.176	11686
13.184	11387
13.192	11567
13.2	11394
13.208	11443
13.216	11304
13.224	11438
13.232	11144
13.24	11104
13.248	11104
13.256	11044
13.264	11126
13.272	11204
13.28	11279
13.288	11080
13.296	10969
13.304	11015
13.312	10891
13.32	11304
13.328	11033
13.336	11018
13.344	11122
13.352	11035
13.36	11048
13.368	11060
13.376	10716
13.384	11023
13.392	10849
13.4	10694
13.408	10819
13.416	10950
13.424	10703
13.432	10792
13.44	10706
13.448	10800
13.456	10797
13.464	10707
13.472	10752
13.48	10622
13.488	10637
13.496	10611
13.504	10740
13.512	10611
13.52	10478
13.528	10601
13.536	10536
13.544	10586
13.552	10473
13.56	10479
13.568	10325
13.576	10239
13.584	10370
13.592	10226
13.6	10222
13.608	10250
13.616	10264
13.624	10210
13.632	10173
13.64	10286
13.648	10451
13.656	10225
13.664	10083
13.672	10120
13.68	10075
13.688	10303
13.696	10116
13.704	9994
13.712	10071
13.72	9888
13.728	10101
13.736	9958
13.744	9979
13.752	10046
13.76	9873
13.768	9884
13.776	9585
13.784	9776
13.792	9989
13.8	9714
13.808	9714
13.816	9694
13.824	9731
13.832	9908
13.84	9617
13.848	9715
13.856	9814
13.864	9594
13.872	9507
13.88	9625
13.888	9561
13.896	9555
13.904	9506
13.912	9674
13.92	9548
13.928	9648
13.936	9357
13.944	9430
13.952	9385
13.96	9516
13.968	9366
13.976	9404
13.984	9398
13.992	9541
14	9345
14.008	9355
14.016	9373
14.024	9256
14.032	9105
14.04	9349
14.048	9302
14.056	9069
14.064	9124
14.072	9174
14.08	9100
14.088	9193
14.096	9245
14.104	9066
14.112	9192
14.12	9127
14.128	8933
14.136	9132
14.144	9045
14.152	8810
14.16	8840
14.168	9095
14.176	8937
14.184	8859
14.192	8770
14.2	8802
14.208	8755
14.216	8955
14.224	8716
14.232	8863
14.24	8760
14.248	8687
14.256	8699
14.264	8892
14.272	8522
14.28	8617
14.288	8564
14.296	8724
14.304	8569
14.312	8614
14.32	8432
14.328	8576
14.336	8365
14.344	8436
14.352	8483
14.36	8513
14.368	8416
14.376	8461
14.384	8400
14.392	8478
14.4	8349
14.408	8450
14.416	8496
14.424	8357
14.432	8287
14.44	8309
14.448	8460
14.456	8245
14.464	8284
14.472	8266
14.48	8401
14.488	8192
14.496	8271
14.504	8222
14.512	8061
14.52	8178
14.528	8083
14.536	8248
14.544	8076
14.552	8131
14.56	8094
14.568	8144
14.576	8152
14.584	8104
14.592	8004
14.6	8032
14.608	7942
14.616	7999
14.624	8014
14.632	7954
14.64	7900
14.648	7869
14.656	7832
14.664	7716
14.672	7824
14.68	7847
14.688	7854
14.696	7835
14.704	7850
14.712	7814
14.72	7600
14.728	7789
14.736	7750
14.744	7772
14.752	7577
14.76	7555
14.768	7596
14.776	7677
14.784	7637
14.792	7682
14.8	7477
14.808	7685
14.816	7622
14.824	7655
14.832	7677
14.84	7507
14.848	7624
14.856	7476
14.864	7525
14.872	7597
14.88	7503
14.888	7392
14.896	7455
14.904	7545
14.912	7462
14.92	7503
14.928	7370
14.936	7147
14.944	7431
14.952	7493
14.96	7381
14.968	7373
14.976	7410
14.984	7175
14.992	7253
15	7322
15.008	7257
15.016	7023
15.024	7161
15.032	7242
15.04	7152
15.048	7170
15.056	7162
15.064	7123
15.072	7107
15.08	7139
15.088	7109
15.096	7012
15.104	6923
15.112	6829
15.12	7032
15.128	7174
15.136	7095
15.144	6961
15.152	6923
15.16	6830
15.168	6873
15.176	6987
15.184	6850
15.192	7029
15.2	6903
15.208	6943
15.216	6769
15.224	6876
15.232	6723
15.24	6765
15.248	6792
15.256	6883
15.264	6709
15.272	6785
15.28	6730
15.288	6542
15.296	6747
15.304	6683
15.312	6684
15.32	6659
15.328	6554
15.336	6556
15.344	6611
15.352	6558
15.36	6752
15.368	6626
15.376	6620
15.384	6553
15.392	6506
15.4	6559
15.408	6608
15.416	6455
15.424	6540
15.432	6558
15.44	6542
15.448	6465
15.456	6562
15.464	6240
15.472	6461
15.48	6457
15.488	6409
15.496	6545
15.504	6474
15.512	6430
15.52	6295
15.528	6380
15.536	6335
15.544	6363
15.552	6387
15.56	6313
15.568	6330
15.576	6251
15.584	6213
15.592	6158
15.6	6204
15.608	6218
15.616	6181
15.624	6190
15.632	6274
15.64	6254
15.648	6359
15.656	6146
15.664	6152
15.672	6070
15.68	6129
15.688	5986
15.696	6096
15.704	6076
15.712	5976
15.72	5956
15.728	6068
15.736	6025
15.744	6126
15.752	5974
15.76	5961
15.768	5857
15.776	5989
15.784	5885
15.792	5931
15.8	5935
15.808	5867
15.816	5928
15.824	5871
15.832	5931
15.84	5842
15.848	5809
15.856	5769
15.864	5882
15.872	5800
15.88	5903
15.888	5814
15.896	5757
15.904	5761
15.912	5712
15.92	5706
15.928	5750
15.936	5759
15.944	5809
15.952	5726
15.96	5671
15.968	5693
15.976	5646
15.984	5619
15.992	5762
16	5503
16.008	5525
16.016	5734
16.024	5691
16.032	5613
16.04	5644
16.048	5595
16.056	5510
16.064	5542
16.072	5609
16.08	5665
16.088	5673
16.096	5529
16.104	5506
16.112	5579
16.12	5460
16.128	5368
16.136	5571
16.144	5354
16.152	5536
16.16	5406
16.168	5414
16.176	5419
16.184	5414
16.192	5278
16.2	5522
16.208	5304
16.216	5349
16.224	5404
16.232	5333
16.24	5274
16.248	5235
16.256	5370
16.264	5267
16.272	5288
16.28	5276
16.288	5179
16.296	5265
16.304	5280
16.312	5289
16.32	5133
16.328	5165
16.336	5207
16.344	5021
16.352	5168
16.36	5129
16.368	5210
16.376	5092
16.384	5173
16.392	5018
16.4	5096
16.408	5075
16.416	5045
16.424	5035
16.432	5062
16.44	5137
16.448	5070
16.456	5046
16.464	5012
16.472	5094
16.48	5059
16.488	4928
16.496	4961
16.504	4985
16.512	4968
16.52	5014
16.528	4965
16.536	4804
16.544	4819
16.552	4771
16.56	4951
16.568	4857
16.576	4881
16.584	4839
16.592	4943
16.6	4762
16.608	4834
16.616	4786
16.624	4831
16.632	4810
16.64	4889
16.648	4714
16.656	4880
16.664	4769
16.672	4676
16.68	4789
16.688	4745
16.696	4767
16.704	4710
16.712	4715
16.72	4704
16.728	4850
16.736	4713
16.744	4625
16.752	4664
16.76	4634
16.768	4725
16.776	4750
16.784	4647
16.792	4662
16.8	4680
16.808	4660
16.816	4590
16.824	4599
16.832	4620
16.84	4625
16.848	4595
16.856	4435
16.864	4533
16.872	4568
16.88	4456
16.888	4623
16.896	4499
16.904	4617
16.912	4457
16.92	4586
16.928	4560
16.936	4513
16.944	4454
16.952	4531
16.96	4499
16.968	4372
16.976	4393
16.984	4339
16.992	4448
17	4344
17.008	4428
17.016	4442
17.024	4467
17.032	4295
17.04	4398
17.048	4325
17.056	4445
17.064	4371
17.072	4244
17.08	4348
17.088	4268
17.096	4372
17.104	4236
17.112	4304
17.12	4304
17.128	4271
17.136	4196
17.144	4279
17.152	4107
17.16	4303
17.168	4262
17.176	4263
17.184	4161
17.192	4309
17.2	4157
17.208	4131
17.216	4201
17.224	4306
17.232	4160
17.24	4211
17.248	4109
17.256	4056
17.264	4179
17.272	4006
17.28	4116
17.288	4218
17.296	4097
17.304	4204
17.312	4110
17.32	4059
17.328	3969
17.336	3920
17.344	3994
17.352	4064
17.36	4112
17.368	3978
17.376	4146
17.384	3996
17.392	3922
17.4	3980
17.408	4023
17.416	4061
17.424	3954
17.432	4062
17.44	3919
17.448	3889
17.456	3895
17.464	3910
17.472	3902
17.48	3848
17.488	3977
17.496	3904
17.504	3855
17.512	3906
17.52	3849
17.528	3890
17.536	3959
17.544	3778
17.552	3868
17.56	3768
17.568	3926
17.576	3836
17.584	3729
17.592	3808
17.6	3771
17.608	3887
17.616	3846
17.624	3785
17.632	3746
17.64	3824
17.648	3719
17.656	3831
17.664	3760
17.672	3696
17.68	3687
17.688	3641
17.696	3668
17.704	3705
17.712	3670
17.72	3684
17.728	3663
17.736	3762
17.744	3586
17.752	3754
17.76	3522
17.768	3617
17.776	3661
17.784	3564
17.792	3614
17.8	3571
17.808	3616
17.816	3539
17.824	3468
17.832	3664
17.84	3694
17.848	3576
17.856	3608
17.864	3550
17.872	3514
17.88	3461
17.888	3536
17.896	3536
17.904	3518
17.912	3525
17.92	3487
17.928	3543
17.936	3471
17.944	3418
17.952	3473
17.96	3458
17.968	3534
17.976	3501
17.984	3454
17.992	3435
18	3465
18.008	3516
18.016	3398
18.024	3370
18.032	3404
18.04	3348
18.048	3372
18.056	3420
18.064	3438
18.072	3372
18.08	3314
18.088	3462
18.096	3331
18.104	3345
18.112	3419
18.12	3378
18.128	3393
18.136	3311
18.144	3192
18.152	3300
18.16	3301
18.168	3358
18.176	3288
18.184	3237
18.192	3342
18.2	3259
18.208	3156
18.216	3375
18.224	3226
18.232	3196
18.24	3275
18.248	3091
18.256	3239
18.264	3160
18.272	3289
18.28	3222
18.288	3211
18.296	3158
18.304	3182
18.312	3124
18.32	3231
18.328	3190
18.336	3216
18.344	3038
18.352	3114
18.36	3156
18.368	3240
18.376	3026
18.384	3143
18.392	3109
18.4	3188
18.408	3091
18.416	3105
18.424	3153
18.432	3142
18.44	3097
18.448	3061
18.456	3073
18.464	3059
18.472	3123
18.48	3032
18.488	3097
18.496	3021
18.504	3065
18.512	2962
18.52	2919
18.528	3020
18.536	3153
18.544	3136
18.552	3009
18.56	3057
18.568	2993
18.576	2963
18.584	2957
18.592	3055
18.6	2914
18.608	2900
18.616	2991
18.624	2906
18.632	2842
18.64	2902
18.648	3007
18.656	2952
18.664	3008
18.672	2925
18.68	2860
18.688	2897
18.696	3016
18.704	2937
18.712	2920
18.72	2898
18.728	2816
18.736	2764
18.744	2929
18.752	2777
18.76	2817
18.768	2939
18.776	2968
18.784	2869
18.792	2922
18.8	2753
18.808	2818
18.816	2863
18.824	2883
18.832	2823
18.84	2839
18.848	2764
18.856	2824
18.864	2778
18.872	2743
18.88	2832
18.888	2764
18.896	2800
18.904	2766
18.912	2729
18.92	2674
18.928	2746
18.936	2649
18.944	2749
18.952	2736
18.96	2696
18.968	2754
18.976	2803
18.984	2747
18.992	2707
19	2647
19.008	2724
19.016	2727
19.024	2557
19.032	2723
19.04	2690
19.048	2661
19.056	2640
19.064	2690
19.072	2671
19.08	2700
19.088	2585
19.096	2682
19.104	2682
19.112	2624
19.12	2673
19.128	2637
19.136	2577
19.144	2624
19.152	2668
19.16	2551
19.168	2577
19.176	2534
19.184	2611
19.192	2581
19.2	2557
19.208	2592
19.216	2556
19.224	2607
19.232	2416
19.24	2535
19.248	2503
19.256	2546
19.264	2611
19.272	2477
19.28	2596
19.288	2407
19.296	2485
19.304	2532
19.312	2485
19.32	2539
19.328	2622
19.336	2480
19.344	2498
19.352	2472
19.36	2442
19.368	2495
19.376	2444
19.384	2419
19.392	2473
19.4	2371
19.408	2460
19.416	2360
19.424	2349
19.432	2345
19.44	2470
19.448	2473
19.456	2304
19.464	2351
19.472	2416
19.48	2342
19.488	2383
19.496	2335
19.504	2414
19.512	2364
19.52	2403
19.528	2330
19.536	2324
19.544	2395
19.552	2324
19.56	2320
19.568	2316
19.576	2372
19.584	2267
19.592	2339
19.6	2234
19.608	2306
19.616	2278
19.624	2359
19.632	2288
19.64	2328
19.648	2292
19.656	2258
19.664	2226
19.672	2253
19.68	2246
19.688	2306
19.696	2277
19.704	2160
19.712	2211
19.72	2217
19.728	2210
19.736	2207
19.744	2228
19.752	2224
19.76	2135
19.768	2314
19.776	2204
19.784	2211
19.792	2222
19.8	2229
19.808	2194
19.816	2147
19.824	2253
19.832	2122
19.84	2100
19.848	2250
19.856	2227
19.864	2172
19.872	2180
19.88	2138
19.888	2116
19.896	2081
19.904	2171
19.912	2204
19.92	2156
19.928	2152
19.936	2084
19.944	2105
19.952	2011
19.96	2074
19.968	2083
19.976	2078
19.984	2031
19.992	2125
20	2090
20.008	2111
20.016	2016
20.024	2036
20.032	2164
20.04	2061
20.048	2112
20.056	1988
20.064	2073
20.072	2034
20.08	2058
20.088	2025
20.096	2011
20.104	2025
20.112	2016
20.12	2034
20.128	2047
20.136	2018
20.144	1991
20.152	1987
20.16	2038
20.168	1959
20.176	2045
20.184	2025
20.192	1957
20.2	2021
20.208	1892
20.216	1983
20.224	2058
20.232	1996
20.24	2073
20.248	1952
20.256	1938
20.264	2011
20.272	1971
20.28	2034
20.288	2020
20.296	1920
20.304	1934
20.312	1973
20.32	1932
20.328	2025
20.336	1933
20.344	1899
20.352	1948
20.36	1927
20.368	1927
20.376	1931
20.384	1833
20.392	1902
20.4	1938
20.408	1904
20.416	1965
20.424	1918
20.432	1852
20.44	1936
20.448	1852
20.456	1902
20.464	1870
20.472	1849
20.48	1891
20.488	1913
20.496	1825
20.504	1853
20.512	1857
20.52	1770
20.528	1879
20.536	1859
20.544	1814
20.552	1753
20.56	1855
20.568	1790
20.576	1872
20.584	1770
20.592	1814
20.6	1800
20.608	1737
20.616	1806
20.624	1809
20.632	1768
20.64	1789
20.648	1758
20.656	1809
20.664	1761
20.672	1852
20.68	1794
20.688	1744
20.696	1759
20.704	1707
20.712	1787
20.72	1753
20.728	1744
20.736	1778
20.744	1788
20.752	1692
20.76	1705
20.768	1645
20.776	1765
20.784	1684
20.792	1650
20.8	1761
20.808	1758
20.816	1696
20.824	1748
20.832	1647
20.84	1753
20.848	1767
20.856	1739
20.864	1728
20.872	1685
20.88	1688
20.888	1647
20.896	1659
20.904	1676
20.912	1640
20.92	1730
20.928	1652
20.936	1711
20.944	1747
20.952	1599
20.96	1650
20.968	1598
20.976	1590
20.984	1606
20.992	1640
21	1673
21.008	1683
21.016	1664
21.024	1647
21.032	1589
21.04	1630
21.048	1659
21.056	1589
21.064	1634
21.072	1605
21.08	1615
21.088	1669
21.096	1553
21.104	1592
21.112	1485
21.12	1520
21.128	1545
21.136	1591
21.144	1580
21.152	1492
21.16	1560
21.168	1605
21.176	1620
21.184	1500
21.192	1566
21.2	1552
21.208	1547
21.216	1581
21.224	1511
21.232	1587
21.24	1538
21.248	1523
21.256	1641
21.264	1520
21.272	1532
21.28	1490
21.288	1516
21.296	1535
21.304	1525
21.312	1528
21.32	1492
21.328	1476
21.336	1534
21.344	1496
21.352	1490
21.36	1537
21.368	1428
21.376	1474
21.384	1468
21.392	1517
21.4	1490
21.408	1503
21.416	1464
21.424	1535
21.432	1482
21.44	1489
21.448	1469
21.456	1528
21.464	1471
21.472	1409
21.48	1463
21.488	1468
21.496	1457
21.504	1473
21.512	1454
21.52	1461
21.528	1461
21.536	1446
21.544	1484
21.552	1426
21.56	1451
21.568	1389
21.576	1375
21.584	1460
21.592	1379
21.6	1361
21.608	1458
21.616	1449
21.624	1416
21.632	1487
21.64	1366
21.648	1380
21.656	1429
21.664	1453
21.672	1324
21.68	1385
21.688	1404
21.696	1339
21.704	1312
21.712	1401
21.72	1350
21.728	1385
21.736	1368
21.744	1273
21.752	1411
21.76	1398
21.768	1374
21.776	1319
21.784	1341
21.792	1355
21.8	1387
21.808	1314
21.816	1266
21.824	1306
21.832	1339
21.84	1383
21.848	1342
21.856	1295
21.864	1327
21.872	1344
21.88	1356
21.888	1348
21.896	1362
21.904	1331
21.912	1318
21.92	1263
21.928	1282
21.936	1352
21.944	1302
21.952	1303
21.96	1231
21.968	1337
21.976	1302
21.984	1326
21.992	1259
22	1259
22.008	1269
22.016	1223
22.024	1224
22.032	1232
22.04	1218
22.048	1265
22.056	1328
22.064	1219
22.072	1211
22.08	1243
22.088	1234
22.096	1273
22.104	1277
22.112	1202
22.12	1246
22.128	1263
22.136	1172
22.144	1183
22.152	1331
22.16	1249
22.168	1238
22.176	1237
22.184	1175
22.192	1221
22.2	1262
22.208	1191
22.216	1241
22.224	1234
22.232	1196
22.24	1193
22.248	1168
22.256	1256
22.264	1161
22.272	1226
22.28	1216
22.288	1231
22.296	1114
22.304	1198
22.312	1179
22.32	1181
22.328	1197
22.336	1128
22.344	1194
22.352	1124
22.36	1128
22.368	1236
22.376	1213
22.384	1127
22.392	1118
22.4	1167
22.408	1158
22.416	1105
22.424	1201
22.432	1215
22.44	1161
22.448	1181
22.456	1146
22.464	1216
22.472	1175
22.48	1167
22.488	1148
22.496	1154
22.504	1212
22.512	1162
22.52	1135
22.528	1169
22.536	1136
22.544	1089
22.552	1087
22.56	1152
22.568	1137
22.576	1142
22.584	1109
22.592	1109
22.6	1096
22.608	1103
22.616	1054
22.624	1099
22.632	1074
22.64	1127
22.648	1109
22.656	1099
22.664	1112
22.672	1100
22.68	1124
22.688	1058
22.696	1065
22.704	1042
22.712	1074
22.72	1030
22.728	1085
22.736	1063
22.744	1052
22.752	1079
22.76	1046
22.768	1054
22.776	1020
22.784	1039
22.792	1105
22.8	1015
22.808	1040
22.816	1065
22.824	1025
22.832	1042
22.84	1014
22.848	1028
22.856	1025
22.864	1037
22.872	1067
22.88	1045
22.888	1052
22.896	1111
22.904	1070
22.912	1017
22.92	1045
22.928	1104
22.936	1005
22.944	1025
22.952	977
22.96	1010
22.968	943
22.976	1091
22.984	967
22.992	1031
23	1000
23.008	973
23.016	1004
23.024	981
23.032	990
23.04	1010
23.048	1011
23.056	994
23.064	959
23.072	989
23.08	962
23.088	1026
23.096	963
23.104	1005
23.112	942
23.12	999
23.128	1016
23.136	936
23.144	1009
23.152	938
23.16	985
23.168	919
23.176	1006
23.184	918
23.192	978
23.2	944
23.208	992
23.216	913
23.224	1003
23.232	942
23.24	911
23.248	939
23.256	933
23.264	885
23.272	984
23.28	954
23.288	955
23.296	964
23.304	1015
23.312	902
23.32	926
23.328	921
23.336	894
23.344	964
23.352	897
23.36	942
23.368	894
23.376	976
23.384	859
23.392	922
23.4	899
23.408	905
23.416	883
23.424	962
23.432	922
23.44	953
23.448	911
23.456	899
23.464	901
23.472	911
23.48	894
23.488	885
23.496	901
23.504	906
23.512	851
23.52	810
23.528	922
23.536	907
23.544	837
23.552	852
23.56	860
23.568	858
23.576	889
23.584	867
23.592	843
23.6	882
23.608	832
23.616	838
23.624	908
23.632	887
23.64	836
23.648	848
23.656	890
23.664	875
23.672	867
23.68	877
23.688	887
23.696	844
23.704	870
23.712	857
23.72	836
23.728	836
23.736	868
23.744	839
23.752	802
23.76	853
23.768	888
23.776	804
23.784	818
23.792	808
23.8	811
23.808	804
23.816	808
23.824	860
23.832	845
23.84	861
23.848	789
23.856	862
23.864	854
23.872	793
23.88	814
23.888	798
23.896	802
23.904	833
23.912	796
23.92	867
23.928	824
23.936	829
23.944	749
23.952	802
23.96	774
23.968	795
23.976	813
23.984	842
23.992	765
24	809
24.008	790
24.016	788
24.024	771
24.032	775
24.04	764
24.048	806
24.056	741
24.064	802
24.072	783
24.08	785
24.088	831
24.096	800
24.104	752
24.112	771
24.12	760
24.128	736
24.136	836
24.144	741
24.152	790
24.16	765
24.168	734
24.176	771
24.184	806
24.192	752
24.2	706
24.208	743
24.216	734
24.224	774
24.232	688
24.24	760
24.248	748
24.256	764
24.264	733
24.272	725
24.28	709
24.288	746
24.296	693
24.304	735
24.312	741
24.32	728
24.328	716
24.336	737
24.344	748
24.352	740
24.36	718
24.368	752
24.376	736
24.384	705
24.392	653
24.4	661
24.408	736
24.416	676
24.424	753
24.432	697
24.44	727
24.448	734
24.456	708
24.464	686
24.472	765
24.48	688
24.488	690
24.496	676
24.504	756
24.512	708
24.52	662
24.528	706
24.536	731
24.544	730
24.552	687
24.56	681
24.568	673
24.576	672
24.584	663
24.592	644
24.6	667
24.608	690
24.616	674
24.624	694
24.632	714
24.64	671
24.648	681
24.656	670
24.664	671
24.672	648
24.68	677
24.688	653
24.696	684
24.704	711
24.712	693
24.72	662
24.728	698
24.736	699
24.744	665
24.752	625
24.76	682
24.768	664
24.776	629
24.784	658
24.792	655
24.8	689
24.808	708
24.816	643
24.824	664
24.832	665
24.84	650
24.848	670
24.856	611
24.864	611
24.872	674
24.88	714
24.888	630
24.896	653
24.904	627
24.912	666
24.92	642
24.928	607
24.936	643
24.944	595
24.952	658
24.96	601
24.968	631
24.976	605
24.984	642
24.992	646
25	623
25.008	599
25.016	620
25.024	627
25.032	631
25.04	653
25.048	618
25.056	593
25.064	656
25.072	644
25.08	611
25.088	601
25.096	578
25.104	616
25.112	593
25.12	593
25.128	624
25.136	622
25.144	588
25.152	621
25.16	579
25.168	545
25.176	562
25.184	607
25.192	580
25.2	578
25.208	594
25.216	530
25.224	587
25.232	573
25.24	541
25.248	595
25.256	591
25.264	560
25.272	595
25.28	546
25.288	591
25.296	595
25.304	579
25.312	556
25.32	504
25.328	562
25.336	558
25.344	595
25.352	597
25.36	563
25.368	553
25.376	536
25.384	600
25.392	580
25.4	557
25.408	545
25.416	544
25.424	539
25.432	543
25.44	584
25.448	526
25.456	558
25.464	500
25.472	525
25.48	570
25.488	573
25.496	533
25.504	521
25.512	561
25.52	526
25.528	567
25.536	564
25.544	538
25.552	522
25.56	606
25.568	568
25.576	539
25.584	508
25.592	551
25.6	541
25.608	520
25.616	513
25.624	550
25.632	545
25.64	563
25.648	494
25.656	534
25.664	520
25.672	523
25.68	543
25.688	516
25.696	546
25.704	551
25.712	533
25.72	532
25.728	493
25.736	484
25.744	503
25.752	533
25.76	483
25.768	574
25.776	523
25.784	528
25.792	533
25.8	553
25.808	525
25.816	498
25.824	498
25.832	509
25.84	489
25.848	511
25.856	485
25.864	518
25.872	484
25.88	509
25.888	507
25.896	534
25.904	477
25.912	489
25.92	478
25.928	485
25.936	528
25.944	491
25.952	501
25.96	496
25.968	512
25.976	505
25.984	463
25.992	476
26	498
26.008	455
26.016	472
26.024	482
26.032	479
26.04	471
26.048	509
26.056	481
26.064	468
26.072	483
26.08	469
26.088	475
26.096	495
26.104	419
26.112	488
26.12	439
26.128	441
26.136	495
26.144	540
26.152	487
26.16	523
26.168	475
26.176	471
26.184	448
26.192	462
26.2	475
26.208	485
26.216	469
26.224	417
26.232	445
26.24	466
26.248	481
26.256	458
26.264	406
26.272	455
26.28	464
26.288	434
26.296	471
26.304	461
26.312	463
26.32	452
26.328	444
26.336	474
26.344	431
26.352	441
26.36	460
26.368	445
26.376	422
26.384	443
26.392	429
26.4	451
26.408	468
26.416	444
26.424	438
26.432	426
26.44	431
26.448	399
26.456	430
26.464	440
26.472	454
26.48	447
26.488	418
26.496	433
26.504	402
26.512	460
26.52	428
26.528	448
26.536	395
26.544	377
26.552	423
26.56	432
26.568	408
26.576	459
26.584	403
26.592	441
26.6	404
26.608	400
26.616	435
26.624	391
26.632	419
26.64	451
26.648	421
26.656	402
26.664	436
26.672	423
26.68	424
26.688	406
26.696	407
26.704	412
26.712	349
26.72	414
26.728	395
26.736	430
26.744	452
26.752	422
26.76	417
26.768	428
26.776	438
26.784	390
26.792	399
26.8	357
26.808	418
26.816	437
26.824	447
26.832	426
26.84	392
26.848	396
26.856	398
26.864	392
26.872	379
26.88	405
26.888	380
26.896	372
26.904	431
26.912	435
26.92	362
26.928	380
26.936	424
26.944	393
26.952	384
26.96	393
26.968	365
26.976	397
26.984	396
26.992	386
27	367
27.008	418
27.016	377
27.024	359
27.032	345
27.04	371
27.048	346
27.056	416
27.064	372
27.072	391
27.08	341
27.088	358
27.096	346
27.104	392
27.112	371
27.12	353
27.128	358
27.136	401
27.144	367
27.152	375
27.16	397
27.168	376
27.176	353
27.184	347
27.192	398
27.2	381
27.208	378
27.216	376
27.224	335
27.232	384
27.24	386
27.248	382
27.256	380
27.264	376
27.272	346
27.28	379
27.288	365
27.296	348
27.304	357
27.312	344
27.32	364
27.328	337
27.336	401
27.344	322
27.352	370
27.36	352
27.368	376
27.376	326
27.384	352
27.392	359
27.4	344
27.408	360
27.416	362
27.424	349
27.432	353
27.44	345
27.448	338
27.456	344
27.464	332
27.472	335
27.48	346
27.488	322
27.496	355
27.504	366
27.512	301
27.52	321
27.528	307
27.536	333
27.544	327
27.552	337
27.56	360
27.568	304
27.576	348
27.584	327
27.592	351
27.6	321
27.608	347
27.616	320
27.624	358
27.632	376
27.64	339
27.648	318
27.656	350
27.664	317
27.672	346
27.68	298
27.688	364
27.696	326
27.704	331
27.712	355
27.72	312
27.728	324
27.736	336
27.744	305
27.752	324
27.76	318
27.768	274
27.776	319
27.784	351
27.792	323
27.8	302
27.808	288
27.816	326
27.824	291
27.832	356
27.84	314
27.848	327
27.856	329
27.864	300
27.872	330
27.88	311
27.888	303
27.896	306
27.904	321
27.912	313
27.92	281
27.928	303
27.936	310
27.944	331
27.952	301
27.96	309
27.968	292
27.976	311
27.984	316
27.992	312
28	303
28.008	280
28.016	295
28.024	280
28.032	305
28.04	288
28.048	307
28.056	289
28.064	280
28.072	338
28.08	290
28.088	288
28.096	270
28.104	281
28.112	287
28.12	288
28.128	313
28.136	332
28.144	284
28.152	294
28.16	277
28.168	293
28.176	314
28.184	281
28.192	280
28.2	322
28.208	319
28.216	301
28.224	315
28.232	313
28.24	305
28.248	283
28.256	257
28.264	304
28.272	294
28.28	267
28.288	292
28.296	290
28.304	292
28.312	270
28.32	289
28.328	283
28.336	291
28.344	283
28.352	268
28.36	253
28.368	275
28.376	289
28.384	302
28.392	258
28.4	275
28.408	263
28.416	294
28.424	258
28.432	286
28.44	290
28.448	291
28.456	244
28.464	279
28.472	287
28.48	279
28.488	287
28.496	248
28.504	258
28.512	268
28.52	275
28.528	279
28.536	252
28.544	246
28.552	294
28.56	251
28.568	242
28.576	244
28.584	264
28.592	282
28.6	302
28.608	296
28.616	260
28.624	249
28.632	255
28.64	263
28.648	259
28.656	275
28.664	236
28.672	264
28.68	238
28.688	249
28.696	252
28.704	274
28.712	249
28.72	258
28.728	266
28.736	221
28.744	231
28.752	242
28.76	257
28.768	215
28.776	240
28.784	241
28.792	240
28.8	278
28.808	223
28.816	258
28.824	247
28.832	242
28.84	218
28.848	242
28.856	250
28.864	233
28.872	284
28.88	271
28.888	231
28.896	247
28.904	264
28.912	259
28.92	222
28.928	253
28.936	216
28.944	236
28.952	243
28.96	275
28.968	248
28.976	230
28.984	258
28.992	236
29	258
29.008	234
29.016	250
29.024	216
29.032	241
29.04	250
29.048	205
29.056	242
29.064	223
29.072	253
29.08	218
29.088	217
29.096	230
29.104	249
29.112	234
29.12	257
29.128	246
29.136	220
29.144	247
29.152	214
29.16	241
29.168	236
29.176	214
29.184	225
29.192	245
29.2	233
29.208	236
29.216	216
29.224	220
29.232	227
29.24	222
29.248	226
29.256	225
29.264	213
29.272	225
29.28	222
29.288	237
29.296	219
29.304	244
29.312	213
29.32	222
29.328	229
29.336	215
29.344	245
29.352	217
29.36	199
29.368	233
29.376	246
29.384	230
29.392	225
29.4	195
29.408	214
29.416	211
29.424	213
29.432	218
29.44	219
29.448	199
29.456	225
29.464	217
29.472	197
29.48	229
29.488	222
29.496	229
29.504	203
29.512	222
29.52	211
29.528	204
29.536	223
29.544	230
29.552	191
29.56	191
29.568	193
29.576	190
29.584	210
29.592	201
29.6	192
29.608	207
29.616	196
29.624	215
29.632	208
29.64	212
29.648	224
29.656	222
29.664	174
29.672	202
29.68	201
29.688	183
29.696	176
29.704	212
29.712	208
29.72	225
29.728	215
29.736	210
29.744	211
29.752	202
29.76	225
29.768	208
29.776	212
29.784	198
29.792	196
29.8	181
29.808	195
29.816	187
29.824	186
29.832	191
29.84	184
29.848	203
29.856	212
29.864	190
29.872	219
29.88	196
29.888	189
29.896	185
29.904	198
29.912	207
29.92	197
29.928	183
29.936	185
29.944	191
29.952	214
29.96	213
29.968	166
29.976	186
29.984	187
29.992	192
30	189
30.008	167
30.016	182
30.024	211
30.032	207
30.04	208
30.048	191
30.056	184
30.064	173
30.072	193
30.08	198
30.088	168
30.096	164
30.104	181
30.112	174
30.12	178
30.128	197
30.136	195
30.144	191
30.152	188
30.16	198
30.168	178
30.176	155
30.184	155
30.192	165
30.2	181
30.208	182
30.216	201
30.224	182
30.232	191
30.24	170
30.248	181
30.256	178
30.264	168
30.272	190
30.28	196
30.288	183
30.296	186
30.304	179
30.312	146
30.32	169
30.328	198
30.336	158
30.344	150
30.352	147
30.36	165
30.368	159
30.376	175
30.384	173
30.392	151
30.4	182
30.408	181
30.416	166
30.424	185
30.432	168
30.44	165
30.448	157
30.456	157
30.464	181
30.472	156
30.48	185
30.488	179
30.496	168
30.504	195
30.512	164
30.52	166
30.528	160
30.536	162
30.544	180
30.552	161
30.56	167
30.568	150
30.576	172
30.584	157
30.592	170
30.6	160
30.608	175
30.616	190
30.624	180
30.632	169
30.64	154
30.648	149
30.656	172
30.664	160
30.672	148
30.68	178
30.688	159
30.696	157
30.704	155
30.712	152
30.72	162
30.728	170
30.736	165
30.744	139
30.752	170
30.76	156
30.768	173
30.776	159
30.784	141
30.792	161
30.8	152
30.808	166
30.816	146
30.824	155
30.832	144
30.84	158
30.848	156
30.856	167
30.864	141
30.872	163
30.88	155
30.888	172
30.896	157
30.904	169
30.912	160
30.92	166
30.928	145
30.936	163
30.944	160
30.952	162
30.96	166
30.968	174
30.976	168
30.984	163
30.992	155
31	142
31.008	147
31.016	144
31.024	169
31.032	146
31.04	168
31.048	140
31.056	132
31.064	144
31.072	175
31.08	151
31.088	168
31.096	151
31.104	165
31.112	134
31.12	145
31.128	160
31.136	135
31.144	139
31.152	148
31.16	152
31.168	145
31.176	144
31.184	142
31.192	146
31.2	158
31.208	127
31.216	138
31.224	142
31.232	153
31.24	143
31.248	143
31.256	124
31.264	132
31.272	152
31.28	125
31.288	150
31.296	146
31.304	126
31.312	153
31.32	141
31.328	135
31.336	159
31.344	139
31.352	119
31.36	113
31.368	160
31.376	159
31.384	132
31.392	148
31.4	130
31.408	141
31.416	150
31.424	121
31.432	151
31.44	134
31.448	142
31.456	129
31.464	127
31.472	143
31.48	141
31.488	142
31.496	110
31.504	164
31.512	145
31.52	132
31.528	119
31.536	140
31.544	134
31.552	135
31.56	145
31.568	108
31.576	131
31.584	120
31.592	114
31.6	137
31.608	132
31.616	137
31.624	126
31.632	123
31.64	138
31.648	130
31.656	127
31.664	126
31.672	126
31.68	129
31.688	133
31.696	121
31.704	139
31.712	126
31.72	116
31.728	125
31.736	127
31.744	141
31.752	129
31.76	129
31.768	117
31.776	137
31.784	115
31.792	115
31.8	131
31.808	118
31.816	122
31.824	110
31.832	105
31.84	110
31.848	134
31.856	135
31.864	143
31.872	130
31.88	126
31.888	121
31.896	119
31.904	94
31.912	124
31.92	111
31.928	139
31.936	126
31.944	106
31.952	120
31.96	97
31.968	108
31.976	126
31.984	112
31.992	138
32	105
32.008	108
32.016	112
32.024	131
32.032	135
32.04	121
32.048	128
32.056	118
32.064	108
32.072	122
32.08	112
32.088	143
32.096	115
32.104	116
32.112	115
32.12	102
32.128	117
32.136	112
32.144	119
32.152	113
32.16	118
32.168	129
32.176	132
32.184	110
32.192	96
32.2	123
32.208	110
32.216	112
32.224	112
32.232	83
32.24	112
32.248	111
32.256	94
32.264	93
32.272	114
32.28	112
32.288	95
32.296	119
32.304	103
32.312	106
32.32	96
32.328	107
32.336	110
32.344	95
32.352	105
32.36	110
32.368	99
32.376	92
32.384	101
32.392	109
32.4	120
32.408	111
32.416	115
32.424	92
32.432	99
32.44	117
32.448	101
32.456	121
32.464	105
32.472	100
32.48	86
32.488	94
32.496	114
32.504	106
32.512	96
32.52	110
32.528	98
32.536	101
32.544	102
32.552	89
32.56	86
32.568	116
32.576	121
32.584	111
32.592	90
32.6	100
32.608	122
32.616	114
32.624	107
32.632	91
32.64	94
32.648	101
32.656	118
32.664	111
32.672	114
32.68	120
32.688	105
32.696	104
32.704	91
32.712	109
32.72	100
32.728	94
32.736	89
32.744	94
32.752	103
32.76	111
32.768	107
32.776	97
32.784	82
32.792	92
32.8	88
32.808	110
32.816	107
32.824	111
32.832	88
32.84	103
32.848	100
32.856	99
32.864	97
32.872	107
32.88	113
32.888	90
32.896	108
32.904	98
32.912	92
32.92	93
32.928	96
32.936	108
32.944	86
32.952	107
32.96	77
32.968	81
32.976	89
32.984	104
32.992	106
33	107
33.008	97
33.016	92
33.024	104
33.032	104
33.04	102
33.048	93
33.056	103
33.064	97
33.072	85
33.08	96
33.088	99
33.096	81
33.104	98
33.112	97
33.12	86
33.128	91
33.136	94
33.144	85
33.152	81
33.16	102
33.168	88
33.176	90
33.184	92
33.192	80
33.2	96
33.208	99
33.216	105
33.224	80
33.232	78
33.24	101
33.248	86
33.256	81
33.264	112
33.272	88
33.28	95
33.288	95
33.296	100
33.304	84
33.312	76
33.32	89
33.328	78
33.336	88
33.344	92
33.352	92
33.36	87
33.368	76
33.376	89
33.384	85
33.392	82
33.4	88
33.408	77
33.416	77
33.424	95
33.432	88
33.44	69
33.448	76
33.456	73
33.464	77
33.472	76
33.48	94
33.488	83
33.496	90
33.504	78
33.512	91
33.52	83
33.528	68
33.536	66
33.544	98
33.552	84
33.56	95
33.568	64
33.576	89
33.584	88
33.592	77
33.6	89
33.608	91
33.616	86
33.624	83
33.632	81
33.64	73
33.648	80
33.656	96
33.664	97
33.672	87
33.68	80
33.688	75
33.696	85
33.704	79
33.712	103
33.72	82
33.728	85
33.736	74
33.744	108
33.752	83
33.76	76
33.768	71
33.776	86
33.784	72
33.792	81
33.8	74
33.808	90
33.816	77
33.824	78
33.832	79
33.84	64
33.848	93
33.856	64
33.864	69
33.872	87
33.88	66
33.888	72
33.896	75
33.904	65
33.912	74
33.92	90
33.928	77
33.936	71
33.944	71
33.952	69
33.96	79
33.968	63
33.976	62
33.984	84
33.992	70
34	79
34.008	69
34.016	81
34.024	76
34.032	69
34.04	82
34.048	88
34.056	63
34.064	66
34.072	98
34.08	67
34.088	77
34.096	65
34.104	84
34.112	69
34.12	74
34.128	72
34.136	65
34.144	66
34.152	79
34.16	86
34.168	83
34.176	80
34.184	68
34.192	65
34.2	64
34.208	72
34.216	63
34.224	74
34.232	62
34.24	66
34.248	54
34.256	62
34.264	71
34.272	67
34.28	68
34.288	63
34.296	65
34.304	66
34.312	66
34.32	84
34.328	70
34.336	61
34.344	72
34.352	55
34.36	80
34.368	65
34.376	78
34.384	46
34.392	69
34.4	71
34.408	63
34.416	86
34.424	76
34.432	66
34.44	74
34.448	81
34.456	74
34.464	66
34.472	55
34.48	73
34.488	51
34.496	66
34.504	63
34.512	66
34.52	78
34.528	59
34.536	76
34.544	69
34.552	44
34.56	72
34.568	67
34.576	56
34.584	72
34.592	59
34.6	63
34.608	65
34.616	62
34.624	66
34.632	67
34.64	63
34.648	60
34.656	58
34.664	66
34.672	70
34.68	78
34.688	63
34.696	57
34.704	55
34.712	68
34.72	45
34.728	85
34.736	61
34.744	54
34.752	58
34.76	59
34.768	64
34.776	56
34.784	71
34.792	49
34.8	66
34.808	58
34.816	58
34.824	64
34.832	47
34.84	66
34.848	61
34.856	69
34.864	65
34.872	71
34.88	59
34.888	61
34.896	62
34.904	55
34.912	67
34.92	56
34.928	45
34.936	70
34.944	62
34.952	66
34.96	64
34.968	58
34.976	58
34.984	63
34.992	64
35	55
35.008	53
35.016	69
35.024	58
35.032	68
35.04	58
35.048	49
35.056	60
35.064	58
35.072	51
35.08	57
35.088	77
35.096	46
35.104	63
35.112	53
35.12	54
35.128	55
35.136	69
35.144	57
35.152	47
35.16	60
35.168	62
35.176	65
35.184	63
35.192	60
35.2	50
35.208	63
35.216	48
35.224	49
35.232	51
35.24	69
35.248	71
35.256	56
35.264	64
35.272	41
35.28	47
35.288	61
35.296	59
35.304	53
35.312	62
35.32	59
35.328	45
35.336	51
35.344	48
35.352	56
35.36	49
35.368	69
35.376	62
35.384	69
35.392	42
35.4	56
35.408	55
35.416	44
35.424	57
35.432	57
35.44	56
35.448	47
35.456	50
35.464	32
35.472	56
35.48	52
35.488	54
35.496	51
35.504	57
35.512	65
35.52	54
35.528	57
35.536	61
35.544	54
35.552	55
35.56	47
35.568	61
35.576	41
35.584	70
35.592	51
35.6	56
35.608	50
35.616	45
35.624	52
35.632	55
35.64	47
35.648	55
35.656	44
35.664	47
35.672	57
35.68	59
35.688	52
35.696	51
35.704	53
35.712	50
35.72	56
35.728	42
35.736	48
35.744	41
35.752	62
35.76	61
35.768	56
35.776	54
35.784	54
35.792	55
35.8	58
35.808	45
35.816	46
35.824	55
35.832	41
35.84	50
35.848	49
35.856	59
35.864	53
35.872	57
35.88	51
35.888	58
35.896	55
35.904	60
35.912	50
35.92	46
35.928	59
35.936	45
35.944	50
35.952	41
35.96	44
35.968	31
35.976	50
35.984	48
35.992	64
36	41
36.008	50
36.016	44
36.024	31
36.032	48
36.04	36
36.048	53
36.056	51
36.064	39
36.072	36
36.08	43
36.088	53
36.096	46
36.104	43
36.112	44
36.12	43
36.128	53
36.136	55
36.144	38
36.152	45
36.16	52
36.168	41
36.176	52
36.184	40
36.192	52
36.2	26
36.208	39
36.216	52
36.224	45
36.232	46
36.24	53
36.248	47
36.256	44
36.264	49
36.272	60
36.28	37
36.288	38
36.296	57
36.304	51
36.312	46
36.32	53
36.328	46
36.336	42
36.344	40
36.352	43
36.36	51
36.368	54
36.376	44
36.384	45
36.392	42
36.4	49
36.408	36
36.416	55
36.424	49
36.432	49
36.44	45
36.448	31
36.456	45
36.464	42
36.472	35
36.48	42
36.488	42
36.496	57
36.504	45
36.512	57
36.52	44
36.528	47
36.536	47
36.544	49
36.552	32
36.56	56
36.568	39
36.576	51
36.584	48
36.592	38
36.6	44
36.608	42
36.616	41
36.624	44
36.632	51
36.64	40
36.648	45
36.656	46
36.664	38
36.672	41
36.68	32
36.688	46
36.696	48
36.704	36
36.712	48
36.72	39
36.728	34
36.736	49
36.744	41
36.752	50
36.76	40
36.768	36
36.776	48
36.784	41
36.792	46
36.8	52
36.808	39
36.816	46
36.824	46
36.832	50
36.84	44
36.848	46
36.856	50
36.864	38
36.872	43
36.88	39
36.888	47
36.896	34
36.904	32
36.912	44
36.92	31
36.928	36
36.936	39
36.944	31
36.952	35
36.96	45
36.968	47
36.976	39
36.984	38
36.992	33
37	37
37.008	40
37.016	32
37.024	47
37.032	37
37.04	42
37.048	35
37.056	36
37.064	46
37.072	43
37.08	33
37.088	43
37.096	45
37.104	39
37.112	49
37.12	45
37.128	25
37.136	37
37.144	44
37.152	50
37.16	39
37.168	28
37.176	43
37.184	34
37.192	46
37.2	38
37.208	33
37.216	47
37.224	36
37.232	41
37.24	37
37.248	33
37.256	40
37.264	40
37.272	32
37.28	41
37.288	40
37.296	39
37.304	40
37.312	37
37.32	32
37.328	42
37.336	40
37.344	39
37.352	35
37.36	29
37.368	42
37.376	43
37.384	25
37.392	39
37.4	39
37.408	38
37.416	45
37.424	35
37.432	32
37.44	43
37.448	50
37.456	36
37.464	39
37.472	41
37.48	34
37.488	49
37.496	38
37.504	38
37.512	31
37.52	45
37.528	35
37.536	31
37.544	30
37.552	35
37.56	32
37.568	22
37.576	39
37.584	32
37.592	27
37.6	39
37.608	35
37.616	33
37.624	38
37.632	44
37.64	33
37.648	41
37.656	28
37.664	35
37.672	28
37.68	31
37.688	35
37.696	31
37.704	33
37.712	31
37.72	39
37.728	40
37.736	26
37.744	44
37.752	24
37.76	40
37.768	34
37.776	26
37.784	36
37.792	27
37.8	38
37.808	31
37.816	25
37.824	32
37.832	42
37.84	32
37.848	32
37.856	29
37.864	31
37.872	34
37.88	35
37.888	19
37.896	36
37.904	33
37.912	39
37.92	34
37.928	28
37.936	28
37.944	29
37.952	29
37.96	34
37.968	22
37.976	29
37.984	41
37.992	33
38	43
38.008	28
38.016	33
38.024	40
38.032	25
38.04	39
38.048	22
38.056	27
38.064	27
38.072	30
38.08	50
38.088	24
38.096	34
38.104	35
38.112	30
38.12	33
38.128	33
38.136	38
38.144	31
38.152	31
38.16	24
38.168	24
38.176	29
38.184	34
38.192	35
38.2	33
38.208	41
38.216	28
38.224	29
38.232	27
38.24	30
38.248	43
38.256	34
38.264	18
38.272	28
38.28	31
38.288	26
38.296	27
38.304	26
38.312	24
38.32	35
38.328	31
38.336	24
38.344	39
38.352	30
38.36	32
38.368	29
38.376	33
38.384	28
38.392	28
38.4	35
38.408	33
38.416	31
38.424	33
38.432	28
38.44	28
38.448	33
38.456	27
38.464	29
38.472	34
38.48	37
38.488	21
38.496	20
38.504	30
38.512	21
38.52	21
38.528	30
38.536	22
38.544	26
38.552	31
38.56	32
38.568	34
38.576	35
38.584	30
38.592	28
38.6	26
38.608	26
38.616	23
38.624	27
38.632	42
38.64	32
38.648	32
38.656	36
38.664	30
38.672	28
38.68	23
38.688	28
38.696	20
38.704	33
38.712	24
38.72	17
38.728	18
38.736	22
38.744	30
38.752	30
38.76	33
38.768	30
38.776	32
38.784	24
38.792	20
38.8	26
38.808	29
38.816	37
38.824	36
38.832	23
38.84	24
38.848	30
38.856	31
38.864	21
38.872	20
38.88	19
38.888	27
38.896	30
38.904	26
38.912	32
38.92	30
38.928	27
38.936	21
38.944	22
38.952	23
38.96	28
38.968	24
38.976	19
38.984	26
38.992	27
39	32
39.008	18
39.016	31
39.024	26
39.032	33
39.04	26
39.048	25
39.056	27
39.064	25
39.072	30
39.08	25
39.088	26
39.096	20
39.104	34
39.112	26
39.12	25
39.128	16
39.136	34
39.144	32
39.152	18
39.16	32
39.168	25
39.176	30
39.184	21
39.192	29
39.2	18
39.208	26
39.216	28
39.224	24
39.232	33
39.24	23
39.248	27
39.256	28
39.264	26
39.272	30
39.28	29
39.288	21
39.296	22
39.304	23
39.312	28
39.32	27
39.328	25
39.336	23
39.344	20
39.352	22
39.36	24
39.368	29
39.376	30
39.384	24
39.392	16
39.4	18
39.408	18
39.416	14
39.424	32
39.432	27
39.44	26
39.448	26
39.456	29
39.464	31
39.472	26
39.48	26
39.488	21
39.496	25
39.504	25
39.512	20
39.52	22
39.528	24
39.536	24
39.544	19
39.552	22
39.56	23
39.568	20
39.576	24
39.584	13
39.592	26
39.6	25
39.608	27
39.616	20
39.624	18
39.632	20
39.64	29
39.648	31
39.656	24
39.664	30
39.672	18
39.68	19
39.688	16
39.696	26
39.704	29
39.712	26
39.72	22
39.728	19
39.736	17
39.744	12
39.752	26
39.76	17
39.768	17
39.776	16
39.784	25
39.792	21
39.8	12
39.808	16
39.816	16
39.824	29
39.832	15
39.84	28
39.848	25
39.856	25
39.864	15
39.872	21
39.88	25
39.888	22
39.896	23
39.904	20
39.912	24
39.92	15
39.928	24
39.936	19
39.944	23
39.952	16
39.96	26
39.968	25
39.976	19
39.984	24
39.992	23
40	16
40.008	15
40.016	28
40.024	27
40.032	18
40.04	17
40.048	25
40.056	14
40.064	27
40.072	19
40.08	20
40.088	14
40.096	18
40.104	20
40.112	22
40.12	26
40.128	26
40.136	23
40.144	18
40.152	21
40.16	16
40.168	22
40.176	22
40.184	26
40.192	21
40.2	18
40.208	18
40.216	21
40.224	19
40.232	27
40.24	29
40.248	17
40.256	19
40.264	23
40.272	21
40.28	19
40.288	20
40.296	21
40.304	30
40.312	20
40.32	17
40.328	17
40.336	26
40.344	25
40.352	27
40.36	21
40.368	23
40.376	17
40.384	27
40.392	16
40.4	27
40.408	20
40.416	18
40.424	16
40.432	19
40.44	25
40.448	15
40.456	18
40.464	15
40.472	17
40.48	14
40.488	22
40.496	20
40.504	20
40.512	14
40.52	16
40.528	18
40.536	20
40.544	17
40.552	17
40.56	18
40.568	25
40.576	21
40.584	21
40.592	12
40.6	18
40.608	16
40.616	17
40.624	17
40.632	13
40.64	20
40.648	18
40.656	21
40.664	21
40.672	19
40.68	22
40.688	20
40.696	11
40.704	14
40.712	16
40.72	16
40.728	20
40.736	21
40.744	29
40.752	14
40.76	23
40.768	20
40.776	25
40.784	16
40.792	10
40.8	19
40.808	23
40.816	23
40.824	20
40.832	27
40.84	21
40.848	22
40.856	11
40.864	30
40.872	16
40.88	16
40.888	13
40.896	20
40.904	24
40.912	19
40.92	14
40.928	16
40.936	23
40.944	14
40.952	22
40.96	26
40.968	18
40.976	18
40.984	25
40.992	21
41	9
41.008	20
41.016	12
41.024	17
41.032	23
41.04	26
41.048	14
41.056	19
41.064	11
41.072	15
41.08	20
41.088	22
41.096	15
41.104	18
41.112	22
41.12	19
41.128	18
41.136	16
41.144	18
41.152	24
41.16	25
41.168	15
41.176	20
41.184	7
41.192	18
41.2	20
41.208	20
41.216	17
41.224	15
41.232	18
41.24	19
41.248	14
41.256	13
41.264	14
41.272	18
41.28	18
41.288	18
41.296	19
41.304	14
41.312	12
41.32	22
41.328	12
41.336	11
41.344	8
41.352	19
41.36	19
41.368	13
41.376	16
41.384	14
41.392	14
41.4	17
41.408	17
41.416	17
41.424	12
41.432	21
41.44	11
41.448	17
41.456	22
41.464	15
41.472	13
41.48	16
41.488	20
41.496	18
41.504	13
41.512	17
41.52	13
41.528	18
41.536	14
41.544	26
41.552	19
41.56	24
41.568	19
41.576	15
41.584	19
41.592	17
41.6	19
41.608	22
41.616	13
41.624	12
41.632	18
41.64	19
41.648	18
41.656	13
41.664	13
41.672	18
41.68	13
41.688	13
41.696	13
41.704	12
41.712	14
41.72	17
41.728	26
41.736	17
41.744	16
41.752	17
41.76	20
41.768	25
41.776	16
41.784	18
41.792	7
41.8	18
41.808	18
41.816	13
41.824	15
41.832	20
41.84	11
41.848	18
41.856	13
41.864	17
41.872	18
41.88	20
41.888	7
41.896	17
41.904	21
41.912	15
41.92	19
41.928	14
41.936	21
41.944	12
41.952	12
41.96	17
41.968	12
41.976	21
41.984	17
41.992	15
42	14
42.008	15
42.016	12
42.024	16
42.032	15
42.04	19
42.048	16
42.056	14
42.064	17
42.072	11
42.08	14
42.088	15
42.096	17
42.104	16
42.112	16
42.12	13
42.128	13
42.136	8
42.144	18
42.152	11
42.16	13
42.168	10
42.176	17
42.184	16
42.192	14
42.2	19
42.208	7
42.216	13
42.224	20
42.232	15
42.24	13
42.248	13
42.256	7
42.264	13
42.272	28
42.28	17
42.288	15
42.296	18
42.304	18
42.312	16
42.32	14
42.328	16
42.336	12
42.344	13
42.352	11
42.36	16
42.368	12
42.376	14
42.384	14
42.392	16
42.4	11
42.408	11
42.416	20
42.424	13
42.432	11
42.44	16
42.448	15
42.456	17
42.464	9
42.472	18
42.48	14
42.488	13
42.496	12
42.504	8
42.512	14
42.52	18
42.528	9
42.536	11
42.544	12
42.552	15
42.56	18
42.568	15
42.576	16
42.584	14
42.592	19
42.6	12
42.608	10
42.616	9
42.624	15
42.632	21
42.64	16
42.648	20
42.656	8
42.664	20
42.672	12
42.68	16
42.688	15
42.696	12
42.704	8
42.712	21
42.72	13
42.728	17
42.736	19
42.744	10
42.752	12
42.76	15
42.768	8
42.776	18
42.784	14
42.792	9
42.8	10
42.808	10
42.816	13
42.824	13
42.832	9
42.84	16
42.848	11
42.856	10
42.864	17
42.872	14
42.88	7
42.888	13
42.896	12
42.904	8
42.912	12
42.92	14
42.928	9
42.936	11
42.944	8
42.952	8
42.96	16
42.968	10
42.976	13
42.984	8
42.992	13
43	13
43.008	8
43.016	16
43.024	19
43.032	15
43.04	14
43.048	8
43.056	11
43.064	13
43.072	10
43.08	18
43.088	15
43.096	8
43.104	14
43.112	13
43.12	8
43.128	11
43.136	10
43.144	15
43.152	13
43.16	7
43.168	13
43.176	14
43.184	20
43.192	9
43.2	13
43.208	11
43.216	9
43.224	14
43.232	18
43.24	19
43.248	13
43.256	11
43.264	10
43.272	10
43.28	19
43.288	11
43.296	17
43.304	15
43.312	13
43.32	14
43.328	10
43.336	17
43.344	10
43.352	8
43.36	13
43.368	11
43.376	14
43.384	5
43.392	9
43.4	12
43.408	12
43.416	16
43.424	9
43.432	10
43.44	9
43.448	10
43.456	14
43.464	15
43.472	14
43.48	12
43.488	8
43.496	15
43.504	12
43.512	13
43.52	10
43.528	9
43.536	9
43.544	16
43.552	13
43.56	16
43.568	11
43.576	17
43.584	11
43.592	11
43.6	9
43.608	14
43.616	9
43.624	12
43.632	15
43.64	13
43.648	8
43.656	17
43.664	11
43.672	19
43.68	8
43.688	15
43.696	11
43.704	13
43.712	11
43.72	6
43.728	9
43.736	11
43.744	15
43.752	14
43.76	11
43.768	5
43.776	8
43.784	13
43.792	10
43.8	9
43.808	14
43.816	9
43.824	6
43.832	15
43.84	10
43.848	10
43.856	10
43.864	13
43.872	18
43.88	14
43.888	11
43.896	10
43.904	13
43.912	16
43.92	12
43.928	5
43.936	9
43.944	10
43.952	11
43.96	16
43.968	20
43.976	13
43.984	15
43.992	15
44	10
44.008	15
44.016	7
44.024	15
44.032	13
44.04	8
44.048	11
44.056	11
44.064	10
44.072	13
44.08	13
44.088	10
44.096	10
44.104	10
44.112	11
44.12	16
44.128	6
44.136	16
44.144	18
44.152	14
44.16	10
44.168	12
44.176	9
44.184	9
44.192	13
44.2	8
44.208	9
44.216	8
44.224	13
44.232	15
44.24	8
44.248	7
44.256	16
44.264	12
44.272	8
44.28	7
44.288	15
44.296	8
44.304	7
44.312	13
44.32	12
44.328	9
44.336	9
44.344	12
44.352	8
44.36	9
44.368	12
44.376	8
44.384	10
44.392	11
44.4	7
44.408	10
44.416	12
44.424	12
44.432	13
44.44	8
44.448	11
44.456	8
44.464	8
44.472	6
44.48	10
44.488	11
44.496	12
44.504	13
44.512	4
44.52	6
44.528	12
44.536	12
44.544	11
44.552	14
44.56	14
44.568	6
44.576	14
44.584	8
44.592	8
44.6	15
44.608	7
44.616	15
44.624	6
44.632	13
44.64	7
44.648	12
44.656	11
44.664	8
44.672	10
44.68	11
44.688	12
44.696	13
44.704	9
44.712	16
44.72	10
44.728	7
44.736	14
44.744	13
44.752	12
44.76	15
44.768	12
44.776	11
44.784	7
44.792	12
44.8	10
44.808	14
44.816	10
44.824	9
44.832	16
44.84	18
44.848	8
44.856	12
44.864	10
44.872	9
44.88	13
44.888	7
44.896	14
44.904	13
44.912	10
44.92	7
44.928	14
44.936	5
44.944	10
44.952	10
44.96	13
44.968	7
44.976	17
44.984	8
44.992	10
45	10
45.008	12
45.016	16
45.024	10
45.032	12
45.04	5
45.048	11
45.056	12
45.064	14
45.072	5
45.08	12
45.088	6
45.096	17
45.104	12
45.112	11
45.12	11
45.128	16
45.136	12
45.144	7
45.152	11
45.16	11
45.168	11
45.176	6
45.184	7
45.192	6
45.2	6
45.208	10
45.216	11
45.224	8
45.232	13
45.24	9
45.248	12
45.256	14
45.264	6
45.272	12
45.28	8
45.288	4
45.296	2
45.304	14
45.312	12
45.32	17
45.328	4
45.336	10
45.344	9
45.352	7
45.36	7
45.368	7
45.376	7
45.384	2
45.392	5
45.4	7
45.408	9
45.416	10
45.424	15
45.432	12
45.44	12
45.448	12
45.456	16
45.464	11
45.472	8
45.48	10
45.488	5
45.496	10
45.504	13
45.512	7
45.52	16
45.528	13
45.536	7
45.544	11
45.552	15
45.56	11
45.568	7
45.576	9
45.584	11
45.592	8
45.6	9
45.608	15
45.616	10
45.624	10
45.632	5
45.64	14
45.648	5
45.656	12
45.664	10
45.672	5
45.68	9
45.688	13
45.696	14
45.704	8
45.712	9
45.72	12
45.728	9
45.736	8
45.744	8
45.752	9
45.76	9
45.768	8
45.776	12
45.784	5
45.792	11
45.8	5
45.808	16
45.816	8
45.824	3
45.832	7
45.84	9
45.848	14
45.856	10
45.864	12
45.872	12
45.88	4
45.888	8
45.896	4
45.904	9
45.912	7
45.92	9
45.928	12
45.936	11
45.944	10
45.952	3
45.96	6
45.968	7
45.976	9
45.984	10
45.992	12
46	9
46.008	7
46.016	10
46.024	7
46.032	8
46.04	4
46.048	2
46.056	6
46.064	11
46.072	8
46.08	12
46.088	9
46.096	11
46.104	7
46.112	7
46.12	8
46.128	8
46.136	6
46.144	7
46.152	8
46.16	11
46.168	7
46.176	7
46.184	9
46.192	11
46.2	7
46.208	9
46.216	9
46.224	11
46.232	9
46.24	8
46.248	7
46.256	8
46.264	5
46.272	10
46.28	3
46.288	11
46.296	6
46.304	6
46.312	12
46.32	8
46.328	10
46.336	12
46.344	7
46.352	6
46.36	9
46.368	7
46.376	6
46.384	6
46.392	6
46.4	4
46.408	4
46.416	4
46.424	10
46.432	7
46.44	7
46.448	9
46.456	6
46.464	9
46.472	8
46.48	12
46.488	6
46.496	7
46.504	5
46.512	5
46.52	9
46.528	5
46.536	10
46.544	7
46.552	14
46.56	5
46.568	9
46.576	7
46.584	6
46.592	6
46.6	9
46.608	5
46.616	9
46.624	6
46.632	7
46.64	3
46.648	7
46.656	9
46.664	9
46.672	13
46.68	13
46.688	3
46.696	8
46.704	7
46.712	9
46.72	11
46.728	4
46.736	11
46.744	12
46.752	6
46.76	6
46.768	9
46.776	8
46.784	3
46.792	7
46.8	7
46.808	10
46.816	10
46.824	17
46.832	12
46.84	10
46.848	11
46.856	5
46.864	4
46.872	8
46.88	5
46.888	10
46.896	9
46.904	7
46.912	6
46.92	9
46.928	11
46.936	11
46.944	11
46.952	3
46.96	5
46.968	9
46.976	8
46.984	7
46.992	6
47	4
47.008	10
47.016	7
47.024	11
47.032	10
47.04	9
47.048	5
47.056	6
47.064	6
47.072	9
47.08	2
47.088	6
47.096	6
47.104	8
47.112	9
47.12	8
47.128	4
47.136	9
47.144	11
47.152	6
47.16	7
47.168	6
47.176	6
47.184	8
47.192	7
47.2	9
47.208	6
47.216	10
47.224	11
47.232	13
47.24	9
47.248	9
47.256	5
47.264	9
47.272	6
47.28	3
47.288	9
47.296	10
47.304	8
47.312	9
47.32	3
47.328	5
47.336	5
47.344	8
47.352	10
47.36	9
47.368	8
47.376	9
47.384	8
47.392	11
47.4	5
47.408	9
47.416	8
47.424	7
47.432	6
47.44	8
47.448	7
47.456	5
47.464	5
47.472	3
47.48	8
47.488	4
47.496	5
47.504	11
47.512	8
47.52	2
47.528	9
47.536	7
47.544	9
47.552	7
47.56	11
47.568	6
47.576	8
47.584	5
47.592	10
47.6	8
47.608	12
47.616	11
47.624	6
47.632	10
47.64	14
47.648	9
47.656	7
47.664	2
47.672	12
47.68	8
47.688	10
47.696	8
47.704	7
47.712	9
47.72	3
47.728	10
47.736	7
47.744	6
47.752	5
47.76	7
47.768	8
47.776	6
47.784	9
47.792	7
47.8	7
47.808	7
47.816	5
47.824	6
47.832	6
47.84	6
47.848	8
47.856	8
47.864	7
47.872	7
47.88	5
47.888	4
47.896	12
47.904	7
47.912	9
47.92	4
47.928	5
47.936	6
47.944	2
47.952	8
47.96	8
47.968	12
47.976	6
47.984	10
47.992	8
48	4
48.008	7
48.016	7
48.024	4
48.032	8
48.04	4
48.048	5
48.056	6
48.064	11
48.072	5
48.08	6
48.088	5
48.096	6
48.104	11
48.112	11
48.12	8
48.128	4
48.136	9
48.144	8
48.152	10
48.16	4
48.168	11
48.176	6
48.184	7
48.192	8
48.2	11
48.208	5
48.216	7
48.224	4
48.232	3
48.24	3
48.248	11
48.256	7
48.264	4
48.272	8
48.28	7
48.288	9
48.296	11
48.304	10
48.312	7
48.32	11
48.328	8
48.336	7
48.344	7
48.352	4
48.36	6
48.368	5
48.376	4
48.384	9
48.392	7
48.4	7
48.408	6
48.416	3
48.424	12
48.432	2
48.44	9
48.448	4
48.456	6
48.464	10
48.472	8
48.48	7
48.488	7
48.496	10
48.504	7
48.512	9
48.52	3
48.528	11
48.536	5
48.544	9
48.552	3
48.56	7
48.568	4
48.576	5
48.584	2
48.592	7
48.6	5
48.608	11
48.616	8
48.624	8
48.632	7
48.64	2
48.648	2
48.656	2
48.664	6
48.672	9
48.68	7
48.688	9
48.696	11
48.704	4
48.712	6
48.72	4
48.728	7
48.736	3
48.744	4
48.752	5
48.76	9
48.768	6
48.776	9
48.784	8
48.792	9
