0	0
0.008	0
0.016	0
0.024	1
0.032	1
0.04	0
0.048	0
0.056	0
0.064	0
0.072	1
0.08	0
0.088	1
0.096	0
0.104	2
0.112	1
0.12	0
0.128	0
0.136	1
0.144	0
0.152	0
0.16	1
0.168	0
0.176	0
0.184	0
0.192	2
0.2	1
0.208	2
0.216	0
0.224	1
0.232	0
0.24	0
0.248	1
0.256	2
0.264	0
0.272	0
0.28	1
0.288	1
0.296	0
0.304	0
0.312	1
0.32	0
0.328	1
0.336	1
0.344	1
0.352	1
0.36	1
0.368	0
0.376	1
0.384	0
0.392	0
0.4	0
0.408	0
0.416	0
0.424	0
0.432	0
0.44	0
0.448	0
0.456	0
0.464	2
0.472	2
0.48	0
0.488	1
0.496	2
0.504	0
0.512	0
0.52	0
0.528	0
0.536	3
0.544	0
0.552	0
0.56	0
0.568	1
0.576	1
0.584	1
0.592	0
0.6	0
0.608	1
0.616	0
0.624	0
0.632	0
0.64	0
0.648	0
0.656	0
0.664	0
0.672	0
0.68	0
0.688	0
0.696	0
0.704	0
0.712	1
0.72	0
0.728	0
0.736	1
0.744	0
0.752	1
0.76	1
0.768	1
0.776	0
0.784	0
0.792	0
0.8	0
0.808	0
0.816	1
0.824	1
0.832	2
0.84	1
0.848	0
0.856	0
0.864	0
0.872	0
0.88	1
0.888	1
0.896	0
0.904	0
0.912	0
0.92	0
0.928	0
0.936	0
0.944	0
0.952	0
0.96	1
0.968	1
0.976	2
0.984	0
0.992	1
1	1
1.008	1
1.016	1
1.024	0
1.032	0
1.04	0
1.048	3
1.056	0
1.064	0
1.072	1
1.08	1
1.088	0
1.096	0
1.104	0
1.112	0
1.12	0
1.128	0
1.136	1
1.144	0
1.152	2
1.16	0
1.168	0
1.176	0
1.184	2
1.192	1
1.2	0
1.208	1
1.216	0
1.224	0
1.232	1
1.24	0
1.248	2
1.256	0
1.264	1
1.272	0
1.28	0
1.288	0
1.296	0
1.304	0
1.312	0
1.32	1
1.328	1
1.336	1
1.344	0
1.352	0
1.36	1
1.368	0
1.376	1
1.384	1
1.392	3
1.4	0
1.408	0
1.416	0
1.424	1
1.432	1
1.44	0
1.448	1
1.456	0
1.464	0
1.472	2
1.48	0
1.488	0
1.496	0
1.504	1
1.512	0
1.52	0
1.528	1
1.536	0
1.544	1
1.552	0
1.56	0
1.568	0
1.576	1
1.584	0
1.592	0
1.6	1
1.608	0
1.616	1
1.624	1
1.632	0
1.64	2
1.648	0
1.656	2
1.664	0
1.672	0
1.68	1
1.688	0
1.696	0
1.704	1
1.712	1
1.72	0
1.728	0
1.736	0
1.744	0
1.752	0
1.76	0
1.768	0
1.776	0
1.784	1
1.792	1
1.8	0
1.808	0
1.816	1
1.824	0
1.832	0
1.84	3
1.848	0
1.856	1
1.864	0
1.872	1
1.88	0
1.888	0
1.896	0
1.904	0
1.912	0
1.92	0
1.928	1
1.936	0
1.944	1
1.952	2
1.96	0
1.968	0
1.976	0
1.984	0
1.992	0
2	1
2.008	0
2.016	0
2.024	1
2.032	0
2.04	0
2.048	0
2.056	0
2.064	0
2.072	0
2.08	0
2.088	1
2.096	0
2.104	1
2.112	0
2.12	0
2.128	0
2.136	2
2.144	0
2.152	0
2.16	1
2.168	0
2.176	2
2.184	0
2.192	0
2.2	0
2.208	0
2.216	1
2.224	0
2.232	1
2.24	0
2.248	0
2.256	1
2.264	0
2.272	0
2.28	1
2.288	0
2.296	0
2.304	1
2.312	2
2.32	0
2.328	0
2.336	1
2.344	0
2.352	1
2.36	0
2.368	0
2.376	1
2.384	0
2.392	0
2.4	0
2.408	1
2.416	0
2.424	3
2.432	1
2.44	0
2.448	1
2.456	1
2.464	0
2.472	0
2.48	2
2.488	0
2.496	0
2.504	1
2.512	1
2.52	0
2.528	1
2.536	0
2.544	1
2.552	0
2.56	0
2.568	0
2.576	0
2.584	0
2.592	0
2.6	0
2.608	1
2.616	0
2.624	0
2.632	0
2.64	0
2.648	0
2.656	0
2.664	0
2.672	0
2.68	0
2.688	0
2.696	0
2.704	0
2.712	0
2.72	0
2.728	1
2.736	1
2.744	0
2.752	0
2.76	0
2.768	0
2.776	0
2.784	1
2.792	1
2.8	0
2.808	0
2.816	0
2.824	2
2.832	0
2.84	2
2.848	0
2.856	0
2.864	0
2.872	0
2.88	0
2.888	0
2.896	1
2.904	0
2.912	0
2.92	0
2.928	0
2.936	0
2.944	0
2.952	0
2.96	0
2.968	1
2.976	0
2.984	0
2.992	0
3	0
3.008	0
3.016	0
3.024	1
3.032	1
3.04	0
3.048	0
3.056	0
3.064	0
3.072	1
3.08	0
3.088	0
3.096	2
3.104	1
3.112	0
3.12	0
3.128	0
3.136	1
3.144	0
3.152	0
3.16	2
3.168	0
3.176	0
3.184	1
3.192	0
3.2	0
3.208	1
3.216	0
3.224	0
3.232	0
3.24	0
3.248	0
3.256	1
3.264	0
3.272	0
3.28	0
3.288	2
3.296	0
3.304	2
3.312	0
3.32	2
3.328	0
3.336	2
3.344	0
3.352	0
3.36	0
3.368	1
3.376	0
3.384	0
3.392	0
3.4	0
3.408	1
3.416	1
3.424	0
3.432	2
3.44	1
3.448	1
3.456	0
3.464	0
3.472	1
3.48	0
3.488	2
3.496	1
3.504	0
3.512	0
3.52	0
3.528	0
3.536	0
3.544	0
3.552	0
3.56	0
3.568	0
3.576	0
3.584	1
3.592	0
3.6	2
3.608	0
3.616	1
3.624	0
3.632	0
3.64	0
3.648	0
3.656	0
3.664	0
3.672	1
3.68	0
3.688	0
3.696	0
3.704	0
3.712	0
3.72	1
3.728	0
3.736	1
3.744	0
3.752	0
3.76	1
3.768	0
3.776	0
3.784	0
3.792	1
3.8	1
3.808	1
3.816	0
3.824	0
3.832	1
3.84	0
3.848	1
3.856	0
3.864	0
3.872	0
3.88	0
3.888	1
3.896	0
3.904	0
3.912	0
3.92	0
3.928	0
3.936	1
3.944	0
3.952	0
3.96	1
3.968	0
3.976	0
3.984	1
3.992	0
4	0
4.008	1
4.016	0
4.024	0
4.032	1
4.04	0
4.048	1
4.056	0
4.064	0
4.072	0
4.08	1
4.088	1
4.096	0
4.104	0
4.112	2
4.12	0
4.128	0
4.136	1
4.144	0
4.152	1
4.16	0
4.168	0
4.176	0
4.184	1
4.192	0
4.2	1
4.208	0
4.216	0
4.224	1
4.232	0
4.24	0
4.248	1
4.256	0
4.264	2
4.272	0
4.28	0
4.288	0
4.296	0
4.304	0
4.312	0
4.32	0
4.328	1
4.336	0
4.344	0
4.352	1
4.36	1
4.368	1
4.376	1
4.384	0
4.392	0
4.4	0
4.408	0
4.416	1
4.424	0
4.432	0
4.44	3
4.448	0
4.456	4
4.464	13
4.472	19
4.48	27
4.488	80
4.496	112
4.504	165
4.512	256
4.52	407
4.528	624
4.536	861
4.544	1249
4.552	1700
4.56	2409
4.568	3132
4.576	4172
4.584	5506
4.592	6830
4.6	8781
4.608	11023
4.616	13482
4.624	16517
4.632	19649
4.64	23531
4.648	27620
4.656	31956
4.664	37113
4.672	41936
4.68	46903
4.688	51968
4.696	57185
4.704	62496
4.712	67603
4.72	73416
4.728	78827
4.736	84063
4.744	89434
4.752	95238
4.76	97925
4.768	1e+05
4.776	99907
4.784	96976
4.792	92057
4.8	86044
4.808	79003
4.816	71919
4.824	64202
4.832	57309
4.84	50828
4.848	44659
4.856	39192
4.864	34461
4.872	30384
4.88	26278
4.888	23035
4.896	19944
4.904	17519
4.912	15351
4.92	13081
4.928	11475
4.936	10041
4.944	8722
4.952	7727
4.96	6670
4.968	5811
4.976	5198
4.984	4451
4.992	3858
5	3315
5.008	3001
5.016	2603
5.024	2215
5.032	2004
5.04	1779
5.048	1575
5.056	1354
5.064	1188
5.072	1066
5.08	948
5.088	827
5.096	725
5.104	670
5.112	566
5.12	498
5.128	458
5.136	433
5.144	339
5.152	321
5.16	290
5.168	224
5.176	226
5.184	188
5.192	173
5.2	166
5.208	131
5.216	125
5.224	115
5.232	115
5.24	108
5.248	84
5.256	79
5.264	78
5.272	59
5.28	60
5.288	55
5.296	68
5.304	63
5.312	41
5.32	42
5.328	45
5.336	52
5.344	58
5.352	46
5.36	57
5.368	57
5.376	53
5.384	47
5.392	45
5.4	50
5.408	61
5.416	64
5.424	48
5.432	56
5.44	41
5.448	51
5.456	42
5.464	49
5.472	42
5.48	60
5.488	53
5.496	46
5.504	39
5.512	54
5.52	41
5.528	27
5.536	32
5.544	34
5.552	39
5.56	35
5.568	31
5.576	23
5.584	23
5.592	26
5.6	23
5.608	18
5.616	7
5.624	21
5.632	20
5.64	15
5.648	20
5.656	13
5.664	11
5.672	8
5.68	13
5.688	10
5.696	9
5.704	6
5.712	13
5.72	9
5.728	9
5.736	9
5.744	11
5.752	6
5.76	4
5.768	12
5.776	4
5.784	3
5.792	7
5.8	8
5.808	2
5.816	10
5.824	7
5.832	8
5.84	6
5.848	5
5.856	4
5.864	8
5.872	5
5.88	7
5.888	4
5.896	5
5.904	9
5.912	8
5.92	8
5.928	2
5.936	8
5.944	8
5.952	7
5.96	7
5.968	5
5.976	9
5.984	8
5.992	3
6	7
6.008	2
6.016	3
6.024	5
6.032	5
6.04	4
6.048	3
6.056	5
6.064	4
6.072	2
6.08	3
6.088	4
6.096	2
6.104	1
6.112	3
6.12	4
6.128	1
6.136	0
6.144	1
6.152	1
6.16	2
6.168	0
6.176	5
6.184	1
6.192	1
6.2	3
6.208	2
6.216	1
6.224	3
6.232	0
6.24	1
6.248	3
6.256	3
6.264	3
6.272	0
6.28	3
6.288	3
6.296	2
6.304	1
6.312	2
6.32	2
6.328	1
6.336	1
6.344	2
6.352	2
6.36	2
6.368	1
6.376	0
6.384	2
6.392	0
6.4	2
6.408	0
6.416	2
6.424	1
6.432	1
6.44	0
6.448	0
6.456	2
6.464	0
6.472	3
6.48	1
6.488	1
6.496	0
6.504	0
6.512	1
6.52	1
6.528	1
6.536	3
6.544	0
6.552	0
6.56	3
6.568	2
6.576	1
6.584	0
6.592	1
6.6	1
6.608	1
6.616	1
6.624	0
6.632	0
6.64	1
6.648	1
6.656	3
6.664	2
6.672	0
6.68	0
6.688	0
6.696	1
6.704	0
6.712	1
6.72	0
6.728	2
6.736	1
6.744	0
6.752	1
6.76	0
6.768	0
6.776	1
6.784	2
6.792	0
6.8	1
6.808	1
6.816	0
6.824	0
6.832	0
6.84	0
6.848	2
6.856	0
6.864	0
6.872	1
6.88	0
6.888	1
6.896	2
6.904	1
6.912	0
6.92	2
6.928	0
6.936	0
6.944	0
6.952	1
6.96	0
6.968	0
6.976	1
6.984	1
6.992	0
7	2
7.008	0
7.016	1
7.024	2
7.032	0
7.04	1
7.048	0
7.056	0
7.064	1
7.072	0
7.08	0
7.088	0
7.096	0
7.104	1
7.112	0
7.12	1
7.128	0
7.136	1
7.144	0
7.152	2
7.16	1
7.168	0
7.176	0
7.184	1
7.192	0
7.2	3
7.208	3
7.216	0
7.224	0
7.232	1
7.24	0
7.248	0
7.256	0
7.264	1
7.272	0
7.28	1
7.288	0
7.296	0
7.304	0
7.312	1
7.32	0
7.328	0
7.336	0
7.344	3
7.352	1
7.36	0
7.368	0
7.376	3
7.384	1
7.392	1
7.4	2
7.408	0
7.416	0
7.424	0
7.432	2
7.44	0
7.448	0
7.456	0
7.464	1
7.472	0
7.48	1
7.488	1
7.496	2
7.504	1
7.512	2
7.52	0
7.528	1
7.536	2
7.544	0
7.552	2
7.56	0
7.568	0
7.576	0
7.584	1
7.592	0
7.6	0
7.608	1
7.616	0
7.624	0
7.632	2
7.64	1
7.648	0
7.656	0
7.664	1
7.672	0
7.68	1
7.688	1
7.696	1
7.704	0
7.712	0
7.72	0
7.728	0
7.736	2
7.744	0
7.752	0
7.76	0
7.768	1
7.776	2
7.784	0
7.792	0
7.8	1
7.808	1
7.816	1
7.824	0
7.832	1
7.84	1
7.848	2
7.856	0
7.864	0
7.872	2
7.88	0
7.888	2
7.896	0
7.904	0
7.912	2
7.92	0
7.928	0
7.936	1
7.944	2
7.952	0
7.96	0
7.968	0
7.976	0
7.984	0
7.992	0
8	2
8.008	0
8.016	2
8.024	1
8.032	2
8.04	1
8.048	1
8.056	1
8.064	0
8.072	2
8.08	4
8.088	1
8.096	1
8.104	1
8.112	1
8.12	7
8.128	2
8.136	0
8.144	1
8.152	4
8.16	2
8.168	5
8.176	3
8.184	2
8.192	3
8.2	6
8.208	5
8.216	2
8.224	2
8.232	3
8.24	4
8.248	1
8.256	2
8.264	2
8.272	0
8.28	0
8.288	0
8.296	3
8.304	0
8.312	0
8.32	0
8.328	1
8.336	1
8.344	1
8.352	0
8.36	1
8.368	0
8.376	2
8.384	2
8.392	1
8.4	0
8.408	0
8.416	0
8.424	0
8.432	0
8.44	2
8.448	1
8.456	1
8.464	1
8.472	1
8.48	0
8.488	1
8.496	0
8.504	0
8.512	0
8.52	0
8.528	0
8.536	1
8.544	0
8.552	0
8.56	0
8.568	1
8.576	0
8.584	0
8.592	0
8.6	2
8.608	0
8.616	0
8.624	0
8.632	2
8.64	0
8.648	1
8.656	0
8.664	0
8.672	2
8.68	0
8.688	1
8.696	1
8.704	0
8.712	0
8.72	1
8.728	1
8.736	1
8.744	1
8.752	2
8.76	0
8.768	0
8.776	0
8.784	0
8.792	2
8.8	1
8.808	0
8.816	0
8.824	0
8.832	2
8.84	0
8.848	1
8.856	0
8.864	1
8.872	1
8.88	2
8.888	0
8.896	0
8.904	0
8.912	2
8.92	1
8.928	0
8.936	3
8.944	0
8.952	2
8.96	0
8.968	1
8.976	1
8.984	1
8.992	0
9	2
9.008	0
9.016	1
9.024	1
9.032	1
9.04	0
9.048	1
9.056	1
9.064	0
9.072	0
9.08	0
9.088	1
9.096	0
9.104	1
9.112	0
9.12	2
9.128	1
9.136	0
9.144	0
9.152	0
9.16	0
9.168	0
9.176	0
9.184	1
9.192	1
9.2	1
9.208	0
9.216	0
9.224	0
9.232	1
9.24	1
9.248	0
9.256	0
9.264	0
9.272	1
9.28	1
9.288	1
9.296	0
9.304	0
9.312	0
9.32	0
9.328	0
9.336	2
9.344	1
9.352	0
9.36	0
9.368	0
9.376	0
9.384	0
9.392	1
9.4	1
9.408	1
9.416	1
9.424	0
9.432	0
9.44	2
9.448	0
9.456	0
9.464	0
9.472	1
9.48	0
9.488	1
9.496	2
9.504	0
9.512	0
9.52	0
9.528	1
9.536	1
9.544	0
9.552	0
9.56	1
9.568	1
9.576	0
9.584	0
9.592	1
9.6	0
9.608	0
9.616	0
9.624	1
9.632	0
9.64	0
9.648	0
9.656	0
9.664	0
9.672	0
9.68	1
9.688	0
9.696	1
9.704	0
9.712	0
9.72	1
9.728	0
9.736	0
9.744	0
9.752	2
9.76	1
9.768	0
9.776	2
9.784	0
9.792	0
9.8	0
9.808	0
9.816	0
9.824	0
9.832	1
9.84	0
9.848	0
9.856	1
9.864	0
9.872	0
9.88	0
9.888	0
9.896	0
9.904	1
9.912	0
9.92	1
9.928	1
9.936	0
9.944	0
9.952	0
9.96	1
9.968	1
9.976	0
9.984	0
9.992	0
10	0
10.008	0
10.016	0
10.024	2
10.032	0
10.04	0
10.048	0
10.056	1
10.064	0
10.072	0
10.08	0
10.088	0
10.096	0
10.104	1
10.112	0
10.12	1
10.128	0
10.136	0
10.144	1
10.152	0
10.16	1
10.168	0
10.176	1
10.184	0
10.192	0
10.2	0
10.208	0
10.216	0
10.224	0
10.232	0
10.24	1
10.248	0
10.256	1
10.264	1
10.272	0
10.28	0
10.288	1
10.296	0
10.304	1
10.312	1
10.32	0
10.328	1
10.336	0
10.344	0
10.352	0
10.36	2
10.368	1
10.376	2
10.384	0
10.392	2
10.4	0
10.408	0
10.416	1
10.424	1
10.432	2
10.44	0
10.448	1
10.456	0
10.464	1
10.472	0
10.48	0
10.488	0
10.496	1
10.504	1
10.512	1
10.52	2
10.528	0
10.536	0
10.544	0
10.552	1
10.56	1
10.568	0
10.576	0
10.584	0
10.592	1
10.6	1
10.608	1
10.616	1
10.624	2
10.632	1
10.64	0
10.648	1
10.656	1
10.664	1
10.672	0
10.68	3
10.688	0
10.696	1
10.704	0
10.712	0
10.72	0
10.728	0
10.736	0
10.744	0
10.752	1
10.76	2
10.768	0
10.776	1
10.784	0
10.792	0
10.8	0
10.808	0
10.816	1
10.824	1
10.832	1
10.84	2
10.848	0
10.856	2
10.864	1
10.872	0
10.88	0
10.888	1
10.896	0
10.904	0
10.912	1
10.92	0
10.928	0
10.936	0
10.944	0
10.952	0
10.96	0
10.968	0
10.976	2
10.984	1
10.992	0
11	0
11.008	0
11.016	0
11.024	1
11.032	1
11.04	0
11.048	0
11.056	1
11.064	1
11.072	1
11.08	0
11.088	0
11.096	0
11.104	1
11.112	0
11.12	0
11.128	1
11.136	0
11.144	1
11.152	1
11.16	1
11.168	1
11.176	0
11.184	0
11.192	0
11.2	0
11.208	0
11.216	1
11.224	2
11.232	1
11.24	1
11.248	0
11.256	0
11.264	1
11.272	0
11.28	0
11.288	0
11.296	0
11.304	1
11.312	1
11.32	1
11.328	1
11.336	0
11.344	1
11.352	1
11.36	0
11.368	0
11.376	1
11.384	0
11.392	0
11.4	2
11.408	1
11.416	0
11.424	1
11.432	0
11.44	0
11.448	0
11.456	0
11.464	0
11.472	1
11.48	0
11.488	0
11.496	0
11.504	0
11.512	1
11.52	0
11.528	1
11.536	2
11.544	0
11.552	0
11.56	0
11.568	0
11.576	0
11.584	0
11.592	1
11.6	0
11.608	0
11.616	0
11.624	0
11.632	0
11.64	0
11.648	1
11.656	0
11.664	1
11.672	1
11.68	0
11.688	0
11.696	0
11.704	1
11.712	0
11.72	0
11.728	0
11.736	0
11.744	1
11.752	0
11.76	0
11.768	0
11.776	1
11.784	1
11.792	0
11.8	1
11.808	0
11.816	0
11.824	0
11.832	0
11.84	1
11.848	0
11.856	0
11.864	0
11.872	1
11.88	2
11.888	0
11.896	1
11.904	1
11.912	1
11.92	1
11.928	1
11.936	0
11.944	0
11.952	0
11.96	1
11.968	0
11.976	2
11.984	0
11.992	1
12	1
12.008	1
12.016	0
12.024	0
12.032	0
12.04	0
12.048	0
12.056	0
12.064	0
12.072	0
12.08	1
12.088	0
12.096	1
12.104	2
12.112	0
12.12	0
12.128	0
12.136	0
12.144	0
12.152	2
12.16	0
12.168	0
12.176	0
12.184	0
12.192	0
12.2	1
12.208	2
12.216	1
12.224	0
12.232	0
12.24	0
12.248	0
12.256	0
12.264	0
12.272	2
12.28	1
12.288	1
12.296	0
12.304	0
12.312	0
12.32	0
12.328	0
12.336	0
12.344	0
12.352	2
12.36	0
12.368	1
12.376	0
12.384	1
12.392	1
12.4	0
12.408	1
12.416	0
12.424	0
12.432	0
12.44	1
12.448	1
12.456	0
12.464	1
12.472	0
12.48	1
12.488	0
12.496	0
12.504	0
12.512	1
12.52	1
12.528	1
12.536	0
12.544	2
12.552	1
12.56	0
12.568	2
12.576	0
12.584	0
12.592	0
12.6	0
12.608	2
12.616	0
12.624	1
12.632	1
12.64	0
12.648	2
12.656	0
12.664	0
12.672	1
12.68	0
12.688	1
12.696	0
12.704	2
12.712	1
12.72	0
12.728	1
12.736	0
12.744	4
12.752	1
12.76	0
12.768	0
12.776	0
12.784	1
12.792	1
12.8	0
12.808	0
12.816	0
12.824	0
12.832	1
12.84	0
12.848	0
12.856	0
12.864	0
12.872	0
12.88	1
12.888	2
12.896	2
12.904	0
12.912	2
12.92	1
12.928	0
12.936	0
12.944	0
12.952	1
12.96	2
12.968	0
12.976	0
12.984	0
12.992	0
13	0
13.008	1
13.016	2
13.024	1
13.032	0
13.04	0
13.048	0
13.056	0
13.064	0
13.072	0
13.08	0
13.088	0
13.096	0
13.104	0
13.112	1
13.12	0
13.128	0
13.136	1
13.144	1
13.152	0
13.16	0
13.168	0
13.176	0
13.184	0
13.192	0
13.2	0
13.208	3
13.216	0
13.224	1
13.232	1
13.24	1
13.248	2
13.256	1
13.264	1
13.272	1
13.28	0
13.288	0
13.296	1
13.304	0
13.312	1
13.32	1
13.328	1
13.336	1
13.344	0
13.352	0
13.36	1
13.368	1
13.376	1
13.384	0
13.392	0
13.4	1
13.408	0
13.416	0
13.424	0
13.432	1
13.44	2
13.448	0
13.456	0
13.464	0
13.472	0
13.48	0
13.488	2
13.496	0
13.504	0
13.512	0
13.52	1
13.528	0
13.536	1
13.544	0
13.552	2
13.56	1
13.568	0
13.576	0
13.584	0
13.592	1
13.6	0
13.608	0
13.616	3
13.624	0
13.632	0
13.64	1
13.648	2
13.656	0
13.664	0
13.672	1
13.68	0
13.688	0
13.696	1
13.704	0
13.712	3
13.72	0
13.728	0
13.736	1
13.744	1
13.752	0
13.76	1
13.768	0
13.776	0
13.784	0
13.792	0
13.8	1
13.808	0
13.816	0
13.824	1
13.832	0
13.84	0
13.848	0
13.856	0
13.864	0
13.872	2
13.88	0
13.888	0
13.896	1
13.904	0
13.912	0
13.92	0
13.928	0
13.936	0
13.944	0
13.952	0
13.96	0
13.968	0
13.976	1
13.984	0
13.992	1
14	0
14.008	1
14.016	0
14.024	0
14.032	0
14.04	1
14.048	1
14.056	0
14.064	1
14.072	1
14.08	1
14.088	0
14.096	0
14.104	0
14.112	0
14.12	0
14.128	1
14.136	0
14.144	1
14.152	0
14.16	0
14.168	0
14.176	0
14.184	0
14.192	1
14.2	0
14.208	1
14.216	0
14.224	3
14.232	0
14.24	0
14.248	0
14.256	0
14.264	1
14.272	1
14.28	0
14.288	0
14.296	0
14.304	0
14.312	1
14.32	0
14.328	0
14.336	2
14.344	0
14.352	1
14.36	0
14.368	1
14.376	0
14.384	0
14.392	0
14.4	0
14.408	0
14.416	0
14.424	0
14.432	1
14.44	3
14.448	1
14.456	0
14.464	1
14.472	0
14.48	1
14.488	0
14.496	0
14.504	0
14.512	1
14.52	1
14.528	0
14.536	0
14.544	0
14.552	0
14.56	1
14.568	0
14.576	1
14.584	0
14.592	1
14.6	0
14.608	0
14.616	0
14.624	0
14.632	0
14.64	1
14.648	0
14.656	0
14.664	1
14.672	0
14.68	0
14.688	0
14.696	0
14.704	0
14.712	0
14.72	0
14.728	0
14.736	0
14.744	0
14.752	0
14.76	0
14.768	0
14.776	0
14.784	0
14.792	1
14.8	0
14.808	0
14.816	1
14.824	0
14.832	0
14.84	0
14.848	0
14.856	2
14.864	0
14.872	0
14.88	1
14.888	0
14.896	0
14.904	0
14.912	1
14.92	2
14.928	1
14.936	1
14.944	0
14.952	0
14.96	0
14.968	0
14.976	0
14.984	0
14.992	1
15	0
15.008	2
15.016	1
15.024	0
15.032	0
15.04	1
15.048	1
15.056	0
15.064	0
15.072	0
15.08	1
15.088	0
15.096	2
15.104	0
15.112	0
15.12	1
15.128	0
15.136	0
15.144	0
15.152	0
15.16	2
15.168	1
15.176	0
15.184	1
15.192	2
15.2	0
15.208	1
15.216	0
15.224	0
15.232	2
15.24	0
15.248	1
15.256	1
15.264	2
15.272	0
15.28	2
15.288	0
15.296	0
15.304	0
15.312	0
15.32	0
15.328	0
15.336	0
15.344	0
15.352	0
15.36	1
15.368	0
15.376	0
15.384	0
15.392	0
15.4	0
15.408	0
15.416	0
15.424	0
15.432	0
15.44	0
15.448	0
15.456	1
15.464	0
15.472	1
15.48	0
15.488	0
15.496	1
15.504	0
15.512	0
15.52	0
15.528	0
15.536	1
15.544	0
15.552	1
15.56	0
15.568	0
15.576	2
15.584	0
15.592	1
15.6	1
15.608	0
15.616	0
15.624	0
15.632	0
15.64	1
15.648	1
15.656	0
15.664	0
15.672	0
15.68	1
15.688	0
15.696	0
15.704	0
15.712	1
15.72	0
15.728	0
15.736	0
15.744	0
15.752	0
15.76	1
15.768	0
15.776	0
15.784	0
15.792	0
15.8	0
15.808	0
15.816	0
15.824	0
15.832	0
15.84	0
15.848	0
15.856	1
15.864	0
15.872	1
15.88	0
15.888	1
15.896	0
15.904	0
15.912	0
15.92	0
15.928	1
15.936	0
15.944	0
15.952	0
15.96	1
15.968	0
15.976	0
15.984	1
15.992	1
16	0
16.008	0
16.016	2
16.024	1
16.032	0
16.04	0
16.048	0
16.056	0
16.064	1
16.072	0
16.08	0
16.088	2
16.096	1
16.104	2
16.112	0
16.12	2
16.128	1
16.136	0
16.144	0
16.152	0
16.16	0
16.168	0
16.176	0
16.184	2
16.192	0
16.2	0
16.208	1
16.216	0
16.224	1
16.232	0
16.24	1
16.248	0
16.256	0
16.264	0
16.272	0
16.28	1
16.288	0
16.296	1
16.304	0
16.312	0
16.32	1
16.328	1
16.336	0
16.344	1
16.352	1
16.36	0
16.368	2
16.376	0
16.384	0
16.392	0
16.4	0
16.408	0
16.416	1
16.424	2
16.432	1
16.44	0
16.448	0
16.456	1
16.464	0
16.472	1
16.48	1
16.488	1
16.496	0
16.504	3
16.512	0
16.52	0
16.528	0
16.536	1
16.544	0
16.552	0
16.56	1
16.568	0
16.576	0
16.584	1
16.592	1
16.6	0
16.608	2
16.616	1
16.624	1
16.632	0
16.64	0
16.648	0
16.656	1
16.664	0
16.672	0
16.68	1
16.688	0
16.696	1
16.704	0
16.712	0
16.72	0
16.728	0
16.736	2
16.744	1
16.752	0
16.76	0
16.768	0
16.776	1
16.784	1
16.792	0
16.8	0
16.808	1
16.816	1
16.824	0
16.832	0
16.84	1
16.848	0
16.856	0
16.864	0
16.872	1
16.88	0
16.888	2
16.896	1
16.904	0
16.912	0
16.92	1
16.928	0
16.936	1
16.944	0
16.952	0
16.96	0
16.968	1
16.976	1
16.984	0
16.992	0
17	0
17.008	0
17.016	1
17.024	0
17.032	0
17.04	1
17.048	0
17.056	0
17.064	0
17.072	0
17.08	0
17.088	1
17.096	0
17.104	0
17.112	1
17.12	0
17.128	0
17.136	0
17.144	0
17.152	0
17.16	1
17.168	0
17.176	0
17.184	0
17.192	0
17.2	0
17.208	1
17.216	1
17.224	0
17.232	0
17.24	0
17.248	0
17.256	0
17.264	1
17.272	0
17.28	1
17.288	0
17.296	1
17.304	2
17.312	1
17.32	0
17.328	1
17.336	1
17.344	0
17.352	0
17.36	0
17.368	1
17.376	3
17.384	0
17.392	0
17.4	0
17.408	0
17.416	1
17.424	1
17.432	0
17.44	0
17.448	1
17.456	0
17.464	0
17.472	0
17.48	0
17.488	0
17.496	0
17.504	1
17.512	0
17.52	0
17.528	0
17.536	1
17.544	0
17.552	1
17.56	1
17.568	1
17.576	0
17.584	1
17.592	0
17.6	0
17.608	0
17.616	1
17.624	0
17.632	1
17.64	1
17.648	2
17.656	0
17.664	0
17.672	0
17.68	0
17.688	0
17.696	0
17.704	0
17.712	1
17.72	0
17.728	0
17.736	0
17.744	0
17.752	1
17.76	0
17.768	1
17.776	0
17.784	1
17.792	1
17.8	0
17.808	0
17.816	1
17.824	0
17.832	0
17.84	0
17.848	0
17.856	0
17.864	0
17.872	1
17.88	0
17.888	0
17.896	0
17.904	1
17.912	0
17.92	0
17.928	1
17.936	0
17.944	0
17.952	0
17.96	0
17.968	0
17.976	0
17.984	0
17.992	0
18	0
18.008	0
18.016	0
18.024	0
18.032	0
18.04	0
18.048	0
18.056	1
18.064	0
18.072	0
18.08	0
18.088	0
18.096	0
18.104	1
18.112	2
18.12	0
18.128	1
18.136	0
18.144	0
18.152	1
18.16	0
18.168	0
18.176	1
18.184	0
18.192	1
18.2	1
18.208	0
18.216	0
18.224	1
18.232	1
18.24	1
18.248	0
18.256	1
18.264	0
18.272	1
18.28	0
18.288	0
18.296	0
18.304	0
18.312	1
18.32	0
18.328	0
18.336	1
18.344	0
18.352	1
18.36	0
18.368	0
18.376	0
18.384	0
18.392	1
18.4	0
18.408	0
18.416	1
18.424	0
18.432	1
18.44	1
18.448	0
18.456	1
18.464	1
18.472	0
18.48	1
18.488	0
18.496	0
18.504	0
18.512	0
18.52	1
18.528	0
18.536	2
18.544	2
18.552	2
18.56	0
18.568	0
18.576	0
18.584	0
18.592	0
18.6	0
18.608	2
18.616	0
18.624	1
18.632	2
18.64	0
18.648	0
18.656	0
18.664	0
18.672	0
18.68	1
18.688	1
18.696	0
18.704	1
18.712	1
18.72	0
18.728	0
18.736	1
18.744	0
18.752	0
18.76	1
18.768	3
18.776	0
18.784	0
18.792	0
18.8	0
18.808	0
18.816	0
18.824	1
18.832	0
18.84	0
18.848	1
18.856	1
18.864	0
18.872	0
18.88	0
18.888	0
18.896	1
18.904	0
18.912	1
18.92	0
18.928	0
18.936	1
18.944	1
18.952	1
18.96	2
18.968	0
18.976	1
18.984	0
18.992	0
19	0
19.008	0
19.016	1
19.024	0
19.032	1
19.04	1
19.048	1
19.056	0
19.064	0
19.072	0
19.08	2
19.088	0
19.096	0
19.104	0
19.112	0
19.12	0
19.128	0
19.136	0
19.144	0
19.152	1
19.16	1
19.168	3
19.176	0
19.184	1
19.192	0
19.2	0
19.208	2
19.216	0
19.224	2
19.232	0
19.24	0
19.248	0
19.256	0
19.264	1
19.272	0
19.28	0
19.288	0
19.296	0
19.304	1
19.312	0
19.32	0
19.328	1
19.336	0
19.344	0
19.352	1
19.36	0
19.368	0
19.376	0
19.384	0
19.392	1
19.4	1
19.408	0
19.416	0
19.424	1
19.432	1
19.44	2
19.448	0
19.456	0
19.464	0
19.472	2
19.48	0
19.488	2
19.496	0
19.504	0
19.512	0
19.52	0
19.528	1
19.536	1
19.544	0
19.552	1
19.56	1
19.568	0
19.576	0
19.584	0
19.592	1
19.6	0
19.608	0
19.616	2
19.624	0
19.632	1
19.64	1
19.648	1
19.656	1
19.664	0
19.672	0
19.68	1
19.688	0
19.696	1
19.704	1
19.712	1
19.72	0
19.728	1
19.736	2
19.744	0
19.752	0
19.76	0
19.768	0
19.776	0
19.784	1
19.792	0
19.8	1
19.808	0
19.816	0
19.824	0
19.832	0
19.84	1
19.848	0
19.856	0
19.864	0
19.872	1
19.88	0
19.888	2
19.896	0
19.904	0
19.912	0
19.92	0
19.928	1
19.936	1
19.944	1
19.952	0
19.96	0
19.968	1
19.976	0
19.984	1
19.992	0
20	1
20.008	1
20.016	0
20.024	0
20.032	0
20.04	2
20.048	1
20.056	0
20.064	0
20.072	0
20.08	0
20.088	1
20.096	0
20.104	1
20.112	0
20.12	1
20.128	0
20.136	0
20.144	1
20.152	1
20.16	0
20.168	1
20.176	0
20.184	1
20.192	1
20.2	0
20.208	0
20.216	1
20.224	1
20.232	0
20.24	1
20.248	0
20.256	1
20.264	0
20.272	2
20.28	0
20.288	1
20.296	0
20.304	2
20.312	1
20.32	1
20.328	0
20.336	0
20.344	0
20.352	1
20.36	0
20.368	1
20.376	0
20.384	2
20.392	1
20.4	1
20.408	0
20.416	0
20.424	0
20.432	1
20.44	1
20.448	1
20.456	0
20.464	2
20.472	0
20.48	0
20.488	0
20.496	0
20.504	0
20.512	0
20.52	1
20.528	1
20.536	1
20.544	0
20.552	1
20.56	0
20.568	0
20.576	1
20.584	1
20.592	2
20.6	0
20.608	1
20.616	0
20.624	2
20.632	0
20.64	0
20.648	0
20.656	0
20.664	0
20.672	1
20.68	1
20.688	1
20.696	0
20.704	0
20.712	0
20.72	0
20.728	1
20.736	1
20.744	1
20.752	1
20.76	1
20.768	0
20.776	2
20.784	1
20.792	2
20.8	0
20.808	0
20.816	2
20.824	0
20.832	2
20.84	2
20.848	0
20.856	0
20.864	0
20.872	0
20.88	0
20.888	1
20.896	0
20.904	0
20.912	2
20.92	0
20.928	0
20.936	1
20.944	0
20.952	1
20.96	1
20.968	1
20.976	1
20.984	0
20.992	1
21	0
21.008	0
21.016	0
21.024	1
21.032	0
21.04	1
21.048	0
21.056	0
21.064	0
21.072	0
21.08	0
21.088	2
21.096	1
21.104	0
21.112	3
21.12	0
21.128	0
21.136	0
21.144	0
21.152	0
21.16	0
21.168	0
21.176	0
21.184	1
21.192	0
21.2	0
21.208	0
21.216	2
21.224	0
21.232	1
21.24	0
21.248	0
21.256	2
21.264	1
21.272	1
21.28	0
21.288	1
21.296	2
21.304	2
21.312	0
21.32	0
21.328	0
21.336	0
21.344	1
21.352	0
21.36	1
21.368	0
21.376	0
21.384	1
21.392	0
21.4	2
21.408	2
21.416	2
21.424	1
21.432	0
21.44	1
21.448	1
21.456	0
21.464	0
21.472	0
21.48	0
21.488	1
21.496	0
21.504	0
21.512	0
21.52	0
21.528	1
21.536	0
21.544	0
21.552	0
21.56	0
21.568	1
21.576	1
21.584	0
21.592	0
21.6	1
21.608	0
21.616	0
21.624	1
21.632	0
21.64	1
21.648	0
21.656	1
21.664	1
21.672	0
21.68	0
21.688	0
21.696	0
21.704	0
21.712	0
21.72	0
21.728	0
21.736	2
21.744	0
21.752	0
21.76	0
21.768	3
21.776	1
21.784	1
21.792	0
21.8	0
21.808	3
21.816	1
21.824	1
21.832	1
21.84	1
21.848	0
21.856	0
21.864	0
21.872	1
21.88	0
21.888	2
21.896	0
21.904	0
21.912	0
21.92	0
21.928	0
21.936	0
21.944	0
21.952	0
21.96	1
21.968	1
21.976	0
21.984	0
21.992	0
22	1
22.008	0
22.016	0
22.024	1
22.032	0
22.04	0
22.048	0
22.056	0
22.064	0
22.072	0
22.08	0
22.088	0
22.096	0
22.104	1
22.112	0
22.12	0
22.128	1
22.136	0
22.144	1
22.152	0
22.16	0
22.168	0
22.176	0
22.184	0
22.192	1
22.2	0
22.208	0
22.216	0
22.224	1
22.232	0
22.24	0
22.248	0
22.256	0
22.264	1
22.272	0
22.28	0
22.288	2
22.296	0
22.304	2
22.312	0
22.32	0
22.328	0
22.336	1
22.344	0
22.352	3
22.36	0
22.368	3
22.376	0
22.384	0
22.392	0
22.4	1
22.408	2
22.416	0
22.424	1
22.432	2
22.44	0
22.448	0
22.456	1
22.464	0
22.472	0
22.48	2
22.488	0
22.496	2
22.504	0
22.512	0
22.52	2
22.528	0
22.536	0
22.544	0
22.552	1
22.56	0
22.568	0
22.576	3
22.584	1
22.592	1
22.6	0
22.608	0
22.616	0
22.624	0
22.632	1
22.64	0
22.648	0
22.656	0
22.664	1
22.672	0
22.68	0
22.688	0
22.696	0
22.704	0
22.712	0
22.72	1
22.728	0
22.736	0
22.744	1
22.752	1
22.76	1
22.768	0
22.776	2
22.784	0
22.792	1
22.8	2
22.808	1
22.816	2
22.824	0
22.832	1
22.84	0
22.848	0
22.856	1
22.864	0
22.872	0
22.88	1
22.888	1
22.896	1
22.904	0
22.912	0
22.92	0
22.928	1
22.936	1
22.944	1
22.952	0
22.96	0
22.968	0
22.976	0
22.984	1
22.992	0
23	1
23.008	0
23.016	0
23.024	1
23.032	1
23.04	0
23.048	1
23.056	0
23.064	1
23.072	0
23.08	0
23.088	1
23.096	1
23.104	0
23.112	1
23.12	2
23.128	1
23.136	0
23.144	1
23.152	0
23.16	0
23.168	1
23.176	1
23.184	0
23.192	0
23.2	0
23.208	1
23.216	1
23.224	0
23.232	0
23.24	0
23.248	1
23.256	0
23.264	0
23.272	1
23.28	0
23.288	0
23.296	1
23.304	1
23.312	1
23.32	1
23.328	0
23.336	1
23.344	0
23.352	1
23.36	0
23.368	1
23.376	0
23.384	0
23.392	0
23.4	2
23.408	2
23.416	1
23.424	0
23.432	1
23.44	0
23.448	0
23.456	2
23.464	1
23.472	0
23.48	0
23.488	0
23.496	0
23.504	0
23.512	0
23.52	1
23.528	0
23.536	0
23.544	3
23.552	1
23.56	0
23.568	1
23.576	0
23.584	1
23.592	0
23.6	0
23.608	0
23.616	0
23.624	0
23.632	0
23.64	0
23.648	0
23.656	1
23.664	1
23.672	0
23.68	1
23.688	1
23.696	0
23.704	1
23.712	0
23.72	0
23.728	0
23.736	0
23.744	0
23.752	0
23.76	0
23.768	1
23.776	0
23.784	0
23.792	0
23.8	0
23.808	0
23.816	1
23.824	0
23.832	2
23.84	0
23.848	0
23.856	3
23.864	2
23.872	0
23.88	0
23.888	0
23.896	0
23.904	1
23.912	0
23.92	0
23.928	1
23.936	0
23.944	0
23.952	0
23.96	0
23.968	0
23.976	0
23.984	1
23.992	1
24	0
24.008	0
24.016	0
24.024	0
24.032	1
24.04	2
24.048	0
24.056	0
24.064	0
24.072	1
24.08	0
24.088	1
24.096	0
24.104	0
24.112	1
24.12	1
24.128	3
24.136	2
24.144	1
24.152	1
24.16	0
24.168	0
24.176	1
24.184	1
24.192	0
24.2	0
24.208	1
24.216	2
24.224	1
24.232	0
24.24	1
24.248	0
24.256	0
24.264	1
24.272	0
24.28	0
24.288	1
24.296	0
24.304	1
24.312	0
24.32	0
24.328	1
24.336	0
24.344	0
24.352	0
24.36	0
24.368	1
24.376	0
24.384	1
24.392	1
24.4	1
24.408	0
24.416	0
24.424	0
24.432	0
24.44	1
24.448	0
24.456	1
24.464	0
24.472	1
24.48	2
24.488	0
24.496	2
24.504	0
24.512	1
24.52	0
24.528	0
24.536	0
24.544	2
24.552	1
24.56	0
24.568	1
24.576	1
24.584	1
24.592	2
24.6	0
24.608	1
24.616	0
24.624	1
24.632	0
24.64	1
24.648	0
24.656	3
24.664	0
24.672	0
24.68	1
24.688	0
24.696	0
24.704	1
24.712	0
24.72	0
24.728	0
24.736	1
24.744	0
24.752	1
24.76	1
24.768	0
24.776	0
24.784	0
24.792	0
24.8	0
24.808	1
24.816	0
24.824	0
24.832	0
24.84	0
24.848	0
24.856	0
24.864	1
24.872	0
24.88	0
24.888	0
24.896	1
24.904	0
24.912	1
24.92	0
24.928	0
24.936	1
24.944	0
24.952	0
24.96	1
24.968	0
24.976	1
24.984	1
24.992	0
25	0
25.008	2
25.016	2
25.024	0
25.032	0
25.04	0
25.048	1
25.056	1
25.064	0
25.072	1
25.08	0
25.088	0
25.096	0
25.104	0
25.112	0
25.12	1
25.128	1
25.136	1
25.144	0
25.152	0
25.16	1
25.168	1
25.176	0
25.184	1
25.192	1
25.2	1
25.208	0
25.216	0
25.224	1
25.232	1
25.24	0
25.248	0
25.256	0
25.264	2
25.272	3
25.28	1
25.288	0
25.296	1
25.304	0
25.312	0
25.32	0
25.328	1
25.336	0
25.344	0
25.352	0
25.36	2
25.368	1
25.376	2
25.384	0
25.392	2
25.4	0
25.408	1
25.416	1
25.424	0
25.432	0
25.44	0
25.448	0
25.456	0
25.464	0
25.472	0
25.48	1
25.488	0
25.496	0
25.504	1
25.512	2
25.52	1
25.528	0
25.536	0
25.544	1
25.552	0
25.56	1
25.568	0
25.576	1
25.584	0
25.592	2
25.6	0
25.608	0
25.616	1
25.624	0
25.632	0
25.64	0
25.648	2
25.656	1
25.664	0
25.672	0
25.68	0
25.688	1
25.696	0
25.704	2
25.712	1
25.72	0
25.728	0
25.736	0
25.744	0
25.752	0
25.76	1
25.768	1
25.776	0
25.784	2
25.792	0
25.8	0
25.808	0
25.816	0
25.824	1
25.832	0
25.84	2
25.848	1
25.856	1
25.864	0
25.872	0
25.88	0
25.888	1
25.896	1
25.904	0
25.912	0
25.92	0
25.928	0
25.936	0
25.944	2
25.952	1
25.96	0
25.968	1
25.976	0
25.984	1
25.992	0
26	1
26.008	0
26.016	1
26.024	0
26.032	2
26.04	1
26.048	1
26.056	0
26.064	2
26.072	1
26.08	1
26.088	2
26.096	0
26.104	2
26.112	0
26.12	0
26.128	0
26.136	0
26.144	1
26.152	0
26.16	0
26.168	0
26.176	0
26.184	0
26.192	1
26.2	0
26.208	1
26.216	0
26.224	0
26.232	1
26.24	1
26.248	0
26.256	1
26.264	1
26.272	1
26.28	0
26.288	1
26.296	0
26.304	0
26.312	1
26.32	0
26.328	0
26.336	2
26.344	1
26.352	0
26.36	1
26.368	0
26.376	1
26.384	1
26.392	0
26.4	1
26.408	1
26.416	1
26.424	0
26.432	0
26.44	0
26.448	1
26.456	0
26.464	0
26.472	0
26.48	0
26.488	1
26.496	0
26.504	0
26.512	0
26.52	1
26.528	0
26.536	1
26.544	0
26.552	1
26.56	0
26.568	2
26.576	0
26.584	4
26.592	1
26.6	0
26.608	1
26.616	0
26.624	1
26.632	1
26.64	1
26.648	0
26.656	0
26.664	0
26.672	0
26.68	0
26.688	0
26.696	2
26.704	0
26.712	1
26.72	3
26.728	2
26.736	0
26.744	1
26.752	2
26.76	0
26.768	1
26.776	0
26.784	1
26.792	1
26.8	0
26.808	0
26.816	0
26.824	0
26.832	0
26.84	1
26.848	0
26.856	1
26.864	0
26.872	2
26.88	0
26.888	1
26.896	1
26.904	0
26.912	2
26.92	1
26.928	0
26.936	1
26.944	0
26.952	1
26.96	2
26.968	0
26.976	2
26.984	1
26.992	1
27	0
27.008	0
27.016	1
27.024	1
27.032	0
27.04	0
27.048	0
27.056	0
27.064	0
27.072	0
27.08	0
27.088	0
27.096	1
27.104	0
27.112	3
27.12	0
27.128	5
27.136	1
27.144	0
27.152	0
27.16	0
27.168	0
27.176	1
27.184	1
27.192	0
27.2	0
27.208	0
27.216	0
27.224	0
27.232	1
27.24	1
27.248	0
27.256	0
27.264	0
27.272	1
27.28	2
27.288	0
27.296	1
27.304	0
27.312	0
27.32	1
27.328	0
27.336	0
27.344	1
27.352	0
27.36	0
27.368	0
27.376	2
27.384	0
27.392	0
27.4	1
27.408	0
27.416	2
27.424	0
27.432	0
27.44	0
27.448	1
27.456	1
27.464	2
27.472	2
27.48	0
27.488	1
27.496	0
27.504	1
27.512	0
27.52	1
27.528	0
27.536	1
27.544	1
27.552	0
27.56	0
27.568	1
27.576	0
27.584	0
27.592	0
27.6	1
27.608	3
27.616	0
27.624	0
27.632	1
27.64	0
27.648	1
27.656	0
27.664	0
27.672	0
27.68	0
27.688	1
27.696	0
27.704	1
27.712	0
27.72	0
27.728	1
27.736	0
27.744	0
27.752	0
27.76	0
27.768	0
27.776	0
27.784	2
27.792	2
27.8	2
27.808	0
27.816	0
27.824	1
27.832	0
27.84	0
27.848	1
27.856	0
27.864	2
27.872	2
27.88	1
27.888	0
27.896	0
27.904	0
27.912	1
27.92	1
27.928	0
27.936	0
27.944	0
27.952	0
27.96	2
27.968	0
27.976	0
27.984	1
27.992	1
28	1
28.008	2
28.016	1
28.024	0
28.032	0
28.04	0
28.048	3
28.056	0
28.064	0
28.072	1
28.08	0
28.088	0
28.096	1
28.104	0
28.112	0
28.12	0
28.128	0
28.136	1
28.144	1
28.152	2
28.16	0
28.168	0
28.176	0
28.184	0
28.192	0
28.2	0
28.208	0
28.216	1
28.224	1
28.232	1
28.24	0
28.248	0
28.256	0
28.264	0
28.272	0
28.28	1
28.288	1
28.296	0
28.304	1
28.312	0
28.32	0
28.328	0
28.336	0
28.344	0
28.352	0
28.36	1
28.368	1
28.376	1
28.384	2
28.392	0
28.4	2
28.408	1
28.416	0
28.424	2
28.432	0
28.44	1
28.448	0
28.456	0
28.464	0
28.472	0
28.48	1
28.488	0
28.496	0
28.504	0
28.512	1
28.52	0
28.528	1
28.536	1
28.544	0
28.552	1
28.56	1
28.568	0
28.576	1
28.584	0
28.592	0
28.6	0
28.608	0
28.616	0
28.624	0
28.632	0
28.64	1
28.648	0
28.656	1
28.664	0
28.672	0
28.68	0
28.688	0
28.696	0
28.704	0
28.712	0
28.72	0
28.728	1
28.736	0
28.744	0
28.752	0
28.76	0
28.768	0
28.776	0
28.784	0
28.792	0
28.8	1
28.808	0
28.816	0
28.824	0
28.832	1
28.84	0
28.848	0
28.856	0
28.864	0
28.872	0
28.88	2
28.888	0
28.896	1
28.904	0
28.912	0
28.92	0
28.928	2
28.936	0
28.944	0
28.952	0
28.96	2
28.968	0
28.976	2
28.984	0
28.992	0
29	0
29.008	1
29.016	1
29.024	0
29.032	0
29.04	1
29.048	0
29.056	1
29.064	2
29.072	0
29.08	0
29.088	3
29.096	0
29.104	1
29.112	1
29.12	0
29.128	0
29.136	1
29.144	0
29.152	0
29.16	0
29.168	0
29.176	0
29.184	2
29.192	0
29.2	0
29.208	1
29.216	0
29.224	1
29.232	0
29.24	1
29.248	1
29.256	2
29.264	0
29.272	0
29.28	2
29.288	0
29.296	0
29.304	0
29.312	1
29.32	0
29.328	1
29.336	0
29.344	0
29.352	0
29.36	0
29.368	1
29.376	1
29.384	0
29.392	1
29.4	2
29.408	0
29.416	0
29.424	0
29.432	2
29.44	0
29.448	0
29.456	0
29.464	0
29.472	1
29.48	1
29.488	0
29.496	0
29.504	0
29.512	0
29.52	0
29.528	0
29.536	0
29.544	2
29.552	0
29.56	0
29.568	0
29.576	1
29.584	0
29.592	1
29.6	1
29.608	1
29.616	0
29.624	1
29.632	0
29.64	1
29.648	0
29.656	1
29.664	0
29.672	1
29.68	1
29.688	0
29.696	1
29.704	0
29.712	0
29.72	2
29.728	1
29.736	2
29.744	2
29.752	0
29.76	1
29.768	0
29.776	0
29.784	1
29.792	0
29.8	0
29.808	0
29.816	0
29.824	1
29.832	0
29.84	0
29.848	1
29.856	0
29.864	0
29.872	0
29.88	0
29.888	0
29.896	1
29.904	0
29.912	1
29.92	3
29.928	1
29.936	1
29.944	0
29.952	0
29.96	0
29.968	1
29.976	0
29.984	0
29.992	0
30	0
30.008	0
30.016	0
30.024	0
30.032	0
30.04	0
30.048	0
30.056	1
30.064	0
30.072	1
30.08	0
30.088	0
30.096	2
30.104	0
30.112	0
30.12	1
30.128	0
30.136	1
30.144	0
30.152	0
30.16	0
30.168	1
30.176	2
30.184	0
30.192	1
30.2	0
30.208	0
30.216	2
30.224	0
30.232	0
30.24	0
30.248	1
30.256	1
30.264	0
30.272	1
30.28	1
30.288	0
30.296	0
30.304	1
30.312	0
30.32	0
30.328	1
30.336	1
30.344	0
30.352	1
30.36	0
30.368	0
30.376	0
30.384	0
30.392	0
30.4	1
30.408	0
30.416	1
30.424	4
30.432	0
30.44	0
30.448	0
30.456	0
30.464	1
30.472	0
30.48	0
30.488	0
30.496	0
30.504	1
30.512	1
30.52	0
30.528	0
30.536	1
30.544	0
30.552	1
30.56	1
30.568	0
30.576	0
30.584	0
30.592	0
30.6	5
30.608	2
30.616	1
30.624	0
30.632	0
30.64	0
30.648	0
30.656	1
30.664	0
30.672	0
30.68	0
30.688	0
30.696	0
30.704	0
30.712	0
30.72	1
30.728	1
30.736	0
30.744	0
30.752	0
30.76	1
30.768	1
30.776	0
30.784	1
30.792	1
30.8	0
30.808	1
30.816	1
30.824	1
30.832	0
30.84	0
30.848	1
30.856	0
30.864	0
30.872	0
30.88	1
30.888	0
30.896	1
30.904	0
30.912	0
30.92	0
30.928	0
30.936	0
30.944	0
30.952	0
30.96	0
30.968	2
30.976	0
30.984	0
30.992	0
31	2
31.008	0
31.016	0
31.024	0
31.032	1
31.04	0
31.048	0
31.056	0
31.064	0
31.072	0
31.08	0
31.088	0
31.096	0
31.104	2
31.112	0
31.12	0
31.128	0
31.136	0
31.144	0
31.152	1
31.16	0
31.168	0
31.176	0
31.184	0
31.192	0
31.2	1
31.208	0
31.216	1
31.224	0
31.232	0
31.24	1
31.248	0
31.256	0
31.264	0
31.272	0
31.28	0
31.288	0
31.296	1
31.304	1
31.312	0
31.32	0
31.328	1
31.336	0
31.344	1
31.352	0
31.36	1
31.368	3
31.376	0
31.384	0
31.392	1
31.4	1
31.408	0
31.416	0
31.424	0
31.432	1
31.44	1
31.448	0
31.456	0
31.464	0
31.472	0
31.48	1
31.488	1
31.496	0
31.504	1
31.512	0
31.52	1
31.528	1
31.536	2
31.544	1
31.552	0
31.56	0
31.568	0
31.576	0
31.584	0
31.592	0
31.6	0
31.608	1
31.616	1
31.624	0
31.632	1
31.64	1
31.648	0
31.656	0
31.664	0
31.672	1
31.68	0
31.688	0
31.696	1
31.704	1
31.712	0
31.72	2
31.728	2
31.736	0
31.744	0
31.752	0
31.76	0
31.768	1
31.776	0
31.784	1
31.792	0
31.8	1
31.808	0
31.816	0
31.824	0
31.832	1
31.84	1
31.848	0
31.856	0
31.864	0
31.872	1
31.88	0
31.888	0
31.896	0
31.904	0
31.912	0
31.92	1
31.928	1
31.936	0
31.944	0
31.952	1
31.96	1
31.968	0
31.976	0
31.984	0
31.992	0
32	0
32.008	1
32.016	0
32.024	0
32.032	1
32.04	1
32.048	0
32.056	0
32.064	0
32.072	0
32.08	0
32.088	0
32.096	0
32.104	1
32.112	0
32.12	0
32.128	0
32.136	0
32.144	2
32.152	1
32.16	0
32.168	0
32.176	0
32.184	1
32.192	1
32.2	0
32.208	0
32.216	1
32.224	0
32.232	0
32.24	0
32.248	0
32.256	0
32.264	0
32.272	0
32.28	0
32.288	1
32.296	1
32.304	0
32.312	1
32.32	1
32.328	1
32.336	1
32.344	0
32.352	1
32.36	1
32.368	0
32.376	1
32.384	1
32.392	0
32.4	0
32.408	0
32.416	0
32.424	0
32.432	2
32.44	0
32.448	1
32.456	1
32.464	0
32.472	0
32.48	0
32.488	1
32.496	0
32.504	2
32.512	0
32.52	0
32.528	1
32.536	1
32.544	1
32.552	0
32.56	0
32.568	1
32.576	0
32.584	0
32.592	0
32.6	0
32.608	0
32.616	0
32.624	0
32.632	0
32.64	0
32.648	0
32.656	1
32.664	1
32.672	0
32.68	0
32.688	0
32.696	0
32.704	0
32.712	0
32.72	0
32.728	0
32.736	0
32.744	0
32.752	0
32.76	0
32.768	0
32.776	0
32.784	1
32.792	0
32.8	0
32.808	0
32.816	0
32.824	0
32.832	2
32.84	0
32.848	0
32.856	1
32.864	0
32.872	1
32.88	0
32.888	0
32.896	0
32.904	0
32.912	0
32.92	0
32.928	0
32.936	1
32.944	1
32.952	0
32.96	0
32.968	2
32.976	2
32.984	2
32.992	0
33	0
33.008	0
33.016	0
33.024	0
33.032	1
33.04	1
33.048	0
33.056	0
33.064	0
33.072	3
33.08	0
33.088	1
33.096	1
33.104	0
33.112	0
33.12	1
33.128	1
33.136	0
33.144	1
33.152	0
33.16	1
33.168	0
33.176	1
33.184	1
33.192	0
33.2	0
33.208	0
33.216	0
33.224	1
33.232	1
33.24	0
33.248	1
33.256	0
33.264	1
33.272	0
33.28	0
33.288	0
33.296	0
33.304	1
33.312	0
33.32	0
33.328	1
33.336	0
33.344	0
33.352	0
33.36	1
33.368	0
33.376	1
33.384	0
33.392	0
33.4	1
33.408	0
33.416	0
33.424	0
33.432	1
33.44	0
33.448	0
33.456	0
33.464	1
33.472	0
33.48	0
33.488	0
33.496	0
33.504	0
33.512	0
33.52	0
33.528	0
33.536	0
33.544	0
33.552	0
33.56	0
33.568	0
33.576	0
33.584	0
33.592	1
33.6	0
33.608	0
33.616	1
33.624	1
33.632	0
33.64	0
33.648	1
33.656	0
33.664	0
33.672	0
33.68	1
33.688	0
33.696	1
33.704	0
33.712	1
33.72	1
33.728	1
33.736	1
33.744	0
33.752	0
33.76	2
33.768	1
33.776	0
33.784	0
33.792	0
33.8	2
33.808	2
33.816	1
33.824	0
33.832	0
33.84	1
33.848	0
33.856	0
33.864	1
33.872	1
33.88	0
33.888	2
33.896	0
33.904	2
33.912	1
33.92	0
33.928	1
33.936	0
33.944	0
33.952	0
33.96	2
33.968	0
33.976	0
33.984	0
33.992	1
34	2
34.008	1
34.016	0
34.024	1
34.032	1
34.04	0
34.048	1
34.056	0
34.064	0
34.072	0
34.08	0
34.088	1
34.096	0
34.104	1
34.112	0
34.12	0
34.128	1
34.136	0
34.144	0
34.152	0
34.16	1
34.168	1
34.176	0
34.184	0
34.192	0
34.2	0
34.208	0
34.216	0
34.224	0
34.232	1
34.24	0
34.248	0
34.256	0
34.264	0
34.272	0
34.28	0
34.288	1
34.296	0
34.304	0
34.312	0
34.32	0
34.328	0
34.336	4
34.344	0
34.352	0
34.36	1
34.368	0
34.376	0
34.384	1
34.392	0
34.4	0
34.408	1
34.416	1
34.424	0
34.432	0
34.44	1
34.448	1
34.456	0
34.464	1
34.472	0
34.48	1
34.488	0
34.496	0
34.504	0
34.512	1
34.52	0
34.528	1
34.536	0
34.544	1
34.552	0
34.56	1
34.568	2
34.576	0
34.584	0
34.592	1
34.6	0
34.608	0
34.616	0
34.624	0
34.632	2
34.64	0
34.648	0
34.656	0
34.664	0
34.672	2
34.68	0
34.688	0
34.696	1
34.704	0
34.712	2
34.72	0
34.728	0
34.736	0
34.744	0
34.752	1
34.76	0
34.768	0
34.776	1
34.784	0
34.792	0
34.8	1
34.808	0
34.816	0
34.824	0
34.832	1
34.84	0
34.848	0
34.856	0
34.864	1
34.872	0
34.88	0
34.888	0
34.896	1
34.904	0
34.912	0
34.92	0
34.928	0
34.936	0
34.944	1
34.952	0
34.96	1
34.968	1
34.976	0
34.984	1
34.992	0
35	0
35.008	0
35.016	0
35.024	0
35.032	0
35.04	0
35.048	0
35.056	1
35.064	0
35.072	0
35.08	2
35.088	1
35.096	0
35.104	1
35.112	0
35.12	1
35.128	0
35.136	1
35.144	0
35.152	0
35.16	0
35.168	0
35.176	0
35.184	1
35.192	0
35.2	1
35.208	1
35.216	1
35.224	0
35.232	0
35.24	0
35.248	0
35.256	0
35.264	1
35.272	1
35.28	2
35.288	1
35.296	0
35.304	0
35.312	0
35.32	0
35.328	1
35.336	0
35.344	0
35.352	0
35.36	0
35.368	0
35.376	0
35.384	1
35.392	0
35.4	1
35.408	1
35.416	0
35.424	0
35.432	0
35.44	0
35.448	1
35.456	0
35.464	0
35.472	0
35.48	0
35.488	0
35.496	0
35.504	1
35.512	1
35.52	0
35.528	0
35.536	0
35.544	1
35.552	0
35.56	0
35.568	0
35.576	1
35.584	0
35.592	0
35.6	0
35.608	1
35.616	1
35.624	1
35.632	0
35.64	0
35.648	0
35.656	0
35.664	0
35.672	1
35.68	2
35.688	1
35.696	0
35.704	0
35.712	0
35.72	0
35.728	0
35.736	1
35.744	0
35.752	1
35.76	0
35.768	0
35.776	2
35.784	1
35.792	0
35.8	1
35.808	0
35.816	0
35.824	0
35.832	0
35.84	0
35.848	1
35.856	0
35.864	1
35.872	1
35.88	0
35.888	1
35.896	0
35.904	0
35.912	1
35.92	0
35.928	1
35.936	0
35.944	1
35.952	0
35.96	0
35.968	0
35.976	2
35.984	1
35.992	0
36	0
36.008	0
36.016	0
36.024	1
36.032	0
36.04	1
36.048	0
36.056	1
36.064	0
36.072	0
36.08	1
36.088	3
36.096	0
36.104	0
36.112	0
36.12	0
36.128	1
36.136	1
36.144	1
36.152	0
36.16	0
36.168	0
36.176	1
36.184	0
36.192	0
36.2	0
36.208	1
36.216	1
36.224	1
36.232	0
36.24	1
36.248	1
36.256	0
36.264	0
36.272	1
36.28	0
36.288	1
36.296	0
36.304	1
36.312	0
36.32	0
36.328	0
36.336	1
36.344	1
36.352	1
36.36	1
36.368	0
36.376	0
36.384	0
36.392	1
36.4	2
36.408	1
36.416	0
36.424	0
36.432	0
36.44	0
36.448	0
36.456	0
36.464	1
36.472	0
36.48	0
36.488	0
36.496	0
36.504	0
36.512	1
36.52	0
36.528	0
36.536	0
36.544	1
36.552	1
36.56	0
36.568	2
36.576	0
36.584	0
36.592	1
36.6	0
36.608	0
36.616	0
36.624	0
36.632	1
36.64	0
36.648	0
36.656	0
36.664	2
36.672	0
36.68	1
36.688	1
36.696	0
36.704	0
36.712	0
36.72	0
36.728	0
36.736	0
36.744	0
36.752	0
36.76	0
36.768	0
36.776	1
36.784	1
36.792	3
36.8	1
36.808	1
36.816	0
36.824	1
36.832	0
36.84	1
36.848	1
36.856	0
36.864	1
36.872	1
36.88	0
36.888	0
36.896	0
36.904	0
36.912	0
36.92	2
36.928	0
36.936	1
36.944	0
36.952	0
36.96	1
36.968	1
36.976	1
36.984	2
36.992	0
37	0
37.008	0
37.016	0
37.024	0
37.032	2
37.04	0
37.048	0
37.056	1
37.064	0
37.072	0
37.08	0
37.088	1
37.096	1
37.104	0
37.112	0
37.12	0
37.128	0
37.136	0
37.144	0
37.152	0
37.16	1
37.168	0
37.176	0
37.184	0
37.192	0
37.2	0
37.208	0
37.216	2
37.224	0
37.232	1
37.24	0
37.248	0
37.256	0
37.264	0
37.272	1
37.28	0
37.288	0
37.296	0
37.304	0
37.312	0
37.32	1
37.328	0
37.336	0
37.344	0
37.352	0
37.36	0
37.368	0
37.376	0
37.384	1
37.392	0
37.4	0
37.408	1
37.416	0
37.424	0
37.432	0
37.44	0
37.448	2
37.456	1
37.464	0
37.472	1
37.48	0
37.488	0
37.496	1
37.504	0
37.512	1
37.52	0
37.528	0
37.536	1
37.544	0
37.552	0
37.56	1
37.568	1
37.576	2
37.584	1
37.592	1
37.6	0
37.608	0
37.616	1
37.624	0
37.632	1
37.64	0
37.648	1
37.656	0
37.664	0
37.672	0
37.68	0
37.688	2
37.696	0
37.704	2
37.712	0
37.72	1
37.728	1
37.736	1
37.744	0
37.752	2
37.76	1
37.768	0
37.776	0
37.784	1
37.792	0
37.8	1
37.808	0
37.816	1
37.824	0
37.832	2
37.84	3
37.848	0
37.856	0
37.864	0
37.872	0
37.88	0
37.888	0
37.896	0
37.904	1
37.912	2
37.92	0
37.928	1
37.936	1
37.944	1
37.952	0
37.96	1
37.968	0
37.976	0
37.984	0
37.992	0
38	0
38.008	0
38.016	1
38.024	0
38.032	0
38.04	0
38.048	0
38.056	0
38.064	0
38.072	1
38.08	1
38.088	1
38.096	0
38.104	0
38.112	1
38.12	0
38.128	0
38.136	0
38.144	1
38.152	0
38.16	0
38.168	0
38.176	0
38.184	0
38.192	1
38.2	2
38.208	0
38.216	0
38.224	1
38.232	0
38.24	0
38.248	1
38.256	0
38.264	0
38.272	2
38.28	0
38.288	0
38.296	0
38.304	0
38.312	1
38.32	1
38.328	2
38.336	1
38.344	0
38.352	1
38.36	1
38.368	0
38.376	0
38.384	1
38.392	0
38.4	0
38.408	1
38.416	0
38.424	1
38.432	1
38.44	1
38.448	0
38.456	0
38.464	0
38.472	0
38.48	0
38.488	1
38.496	1
38.504	0
38.512	0
38.52	0
38.528	0
38.536	0
38.544	0
38.552	0
38.56	0
38.568	0
38.576	0
38.584	2
38.592	1
38.6	2
38.608	1
38.616	0
38.624	1
38.632	0
38.64	0
38.648	0
38.656	1
38.664	0
38.672	2
38.68	1
38.688	0
38.696	1
38.704	0
38.712	1
38.72	0
38.728	1
38.736	0
38.744	0
38.752	1
38.76	1
38.768	0
38.776	1
38.784	0
38.792	1
38.8	0
38.808	1
38.816	3
38.824	0
38.832	3
38.84	0
38.848	0
38.856	0
38.864	0
38.872	1
38.88	0
38.888	0
38.896	1
38.904	0
38.912	1
38.92	0
38.928	0
38.936	0
38.944	0
38.952	0
38.96	0
38.968	0
38.976	0
38.984	0
38.992	0
39	1
39.008	0
39.016	0
39.024	0
39.032	0
39.04	1
39.048	0
39.056	0
39.064	0
39.072	0
39.08	0
39.088	0
39.096	0
39.104	0
39.112	0
39.12	0
39.128	0
39.136	0
39.144	0
39.152	0
39.16	0
39.168	0
39.176	0
39.184	0
39.192	0
39.2	0
39.208	0
39.216	0
39.224	0
39.232	1
39.24	0
39.248	0
39.256	0
39.264	0
39.272	1
39.28	0
39.288	0
39.296	0
39.304	0
39.312	0
39.32	2
39.328	2
39.336	0
39.344	0
39.352	0
39.36	0
39.368	0
39.376	0
39.384	0
39.392	1
39.4	0
39.408	0
39.416	0
39.424	0
39.432	0
39.44	1
39.448	0
39.456	0
39.464	0
39.472	0
39.48	0
39.488	1
39.496	0
39.504	0
39.512	1
39.52	0
39.528	0
39.536	1
39.544	0
39.552	2
39.56	0
39.568	0
39.576	1
39.584	0
39.592	0
39.6	0
39.608	0
39.616	0
39.624	0
39.632	1
39.64	0
39.648	1
39.656	3
39.664	0
39.672	1
39.68	0
39.688	0
39.696	0
39.704	1
39.712	0
39.72	1
39.728	0
39.736	2
39.744	2
39.752	0
39.76	1
39.768	0
39.776	0
39.784	1
39.792	0
39.8	0
39.808	0
39.816	0
39.824	1
39.832	0
39.84	0
39.848	0
39.856	0
39.864	0
39.872	0
39.88	1
39.888	0
39.896	0
39.904	0
39.912	2
39.92	0
39.928	1
39.936	1
39.944	2
39.952	0
39.96	1
39.968	1
39.976	0
39.984	0
39.992	1
40	0
40.008	2
40.016	0
40.024	1
40.032	0
40.04	0
40.048	2
40.056	0
40.064	0
40.072	0
40.08	0
40.088	1
40.096	1
40.104	1
40.112	0
40.12	0
40.128	0
40.136	0
40.144	1
40.152	0
40.16	0
40.168	2
40.176	2
40.184	1
40.192	0
40.2	0
40.208	0
40.216	0
40.224	1
40.232	0
40.24	0
40.248	1
40.256	0
40.264	0
40.272	1
40.28	0
40.288	1
40.296	1
40.304	2
40.312	2
40.32	1
40.328	1
40.336	0
40.344	0
40.352	1
40.36	0
40.368	0
40.376	0
40.384	2
40.392	0
40.4	0
40.408	0
40.416	1
40.424	0
40.432	0
40.44	0
40.448	0
40.456	0
40.464	2
40.472	1
40.48	0
40.488	1
40.496	0
40.504	1
40.512	0
40.52	2
40.528	0
40.536	1
40.544	0
40.552	0
40.56	0
40.568	1
40.576	0
40.584	1
40.592	0
40.6	0
40.608	1
40.616	0
40.624	0
40.632	1
40.64	0
40.648	0
40.656	0
40.664	0
40.672	0
40.68	0
40.688	1
40.696	0
40.704	0
40.712	0
40.72	0
40.728	1
40.736	0
40.744	0
40.752	0
40.76	0
40.768	0
40.776	0
40.784	0
40.792	2
40.8	2
40.808	0
40.816	0
40.824	0
40.832	0
40.84	2
40.848	0
40.856	0
40.864	1
40.872	1
40.88	0
40.888	1
40.896	1
40.904	0
40.912	0
40.92	0
40.928	0
40.936	1
40.944	0
40.952	0
40.96	0
40.968	1
40.976	0
40.984	1
40.992	0
41	0
41.008	0
41.016	1
41.024	1
41.032	0
41.04	1
41.048	0
41.056	0
41.064	1
41.072	0
41.08	0
41.088	0
41.096	0
41.104	0
41.112	1
41.12	0
41.128	0
41.136	0
41.144	0
41.152	1
41.16	0
41.168	0
41.176	0
41.184	0
41.192	0
41.2	1
41.208	1
41.216	0
41.224	0
41.232	0
41.24	0
41.248	0
41.256	0
41.264	2
41.272	0
41.28	0
41.288	0
41.296	0
41.304	1
41.312	0
41.32	0
41.328	0
41.336	0
41.344	0
41.352	0
41.36	0
41.368	1
41.376	0
41.384	1
41.392	1
41.4	0
41.408	0
41.416	0
41.424	0
41.432	0
41.44	0
41.448	1
41.456	0
41.464	1
41.472	0
41.48	1
41.488	1
41.496	1
41.504	0
41.512	0
41.52	0
41.528	1
41.536	0
41.544	1
41.552	0
41.56	0
41.568	0
41.576	0
41.584	1
41.592	0
41.6	0
41.608	0
41.616	0
41.624	0
41.632	0
41.64	0
41.648	0
41.656	1
41.664	2
41.672	0
41.68	0
41.688	1
41.696	1
41.704	1
41.712	0
41.72	1
41.728	1
41.736	0
41.744	0
41.752	0
41.76	0
41.768	1
41.776	0
41.784	0
41.792	0
41.8	0
41.808	0
41.816	0
41.824	0
41.832	0
41.84	0
41.848	0
41.856	0
41.864	0
41.872	0
41.88	0
41.888	0
41.896	0
41.904	1
41.912	1
41.92	1
41.928	1
41.936	0
41.944	0
41.952	0
41.96	0
41.968	0
41.976	2
41.984	0
41.992	0
42	0
42.008	0
42.016	1
42.024	0
42.032	0
42.04	0
42.048	0
42.056	1
42.064	0
42.072	0
42.08	0
42.088	0
42.096	1
42.104	2
42.112	1
42.12	1
42.128	0
42.136	0
42.144	0
42.152	1
42.16	0
42.168	0
42.176	1
42.184	0
42.192	0
42.2	0
42.208	1
42.216	0
42.224	0
42.232	0
42.24	1
42.248	0
42.256	0
42.264	0
42.272	0
42.28	0
42.288	0
42.296	0
42.304	3
42.312	0
42.32	0
42.328	0
42.336	0
42.344	0
42.352	0
42.36	0
42.368	0
42.376	0
42.384	0
42.392	0
42.4	1
42.408	0
42.416	1
42.424	0
42.432	1
42.44	0
42.448	1
42.456	0
42.464	1
42.472	1
42.48	0
42.488	0
42.496	0
42.504	0
42.512	0
42.52	1
42.528	0
42.536	0
42.544	1
42.552	0
42.56	1
42.568	0
42.576	0
42.584	1
42.592	1
42.6	0
42.608	0
42.616	1
42.624	0
42.632	0
42.64	2
42.648	0
42.656	0
42.664	0
42.672	1
42.68	3
42.688	0
42.696	1
42.704	0
42.712	0
42.72	0
42.728	1
42.736	2
42.744	2
42.752	0
42.76	0
42.768	0
42.776	0
42.784	1
42.792	1
42.8	0
42.808	0
42.816	0
42.824	1
42.832	0
42.84	1
42.848	1
42.856	0
42.864	1
42.872	0
42.88	0
42.888	1
42.896	0
42.904	0
42.912	0
42.92	1
42.928	0
42.936	1
42.944	0
42.952	0
42.96	1
42.968	1
42.976	2
42.984	0
42.992	1
43	0
43.008	1
43.016	0
43.024	2
43.032	1
43.04	0
43.048	0
43.056	0
43.064	0
43.072	0
43.08	1
43.088	1
43.096	1
43.104	0
43.112	4
43.12	0
43.128	0
43.136	1
43.144	1
43.152	0
43.16	0
43.168	0
43.176	1
43.184	0
43.192	0
43.2	0
43.208	0
43.216	0
43.224	1
43.232	0
43.24	0
43.248	0
43.256	0
43.264	0
43.272	1
43.28	0
43.288	0
43.296	1
43.304	0
43.312	1
43.32	0
43.328	0
43.336	1
43.344	0
43.352	0
43.36	0
43.368	0
43.376	0
43.384	0
43.392	0
43.4	0
43.408	1
43.416	0
43.424	1
43.432	0
43.44	0
43.448	0
43.456	1
43.464	1
43.472	1
43.48	0
43.488	0
43.496	0
43.504	0
43.512	1
43.52	0
43.528	0
43.536	0
43.544	1
43.552	1
43.56	0
43.568	1
43.576	0
43.584	0
43.592	2
43.6	0
43.608	0
43.616	2
43.624	0
43.632	1
43.64	1
43.648	2
43.656	0
43.664	1
43.672	1
43.68	0
43.688	1
43.696	0
43.704	0
43.712	2
43.72	0
43.728	0
43.736	1
43.744	2
43.752	1
43.76	0
43.768	0
43.776	0
43.784	0
43.792	2
43.8	0
43.808	1
43.816	0
43.824	0
43.832	1
43.84	0
43.848	0
43.856	0
43.864	0
43.872	0
43.88	0
43.888	0
43.896	0
43.904	1
43.912	1
43.92	0
43.928	0
43.936	0
43.944	1
43.952	1
43.96	0
43.968	0
43.976	0
43.984	2
43.992	0
44	0
44.008	0
44.016	0
44.024	0
44.032	0
44.04	0
44.048	0
44.056	1
44.064	2
44.072	0
44.08	1
44.088	0
44.096	0
44.104	0
44.112	1
44.12	0
44.128	1
44.136	0
44.144	0
44.152	0
44.16	0
44.168	1
44.176	0
44.184	0
44.192	1
44.2	1
44.208	2
44.216	0
44.224	0
44.232	0
44.24	0
44.248	1
44.256	0
44.264	0
44.272	1
44.28	0
44.288	0
44.296	0
44.304	1
44.312	0
44.32	1
44.328	0
44.336	1
44.344	1
44.352	0
44.36	0
44.368	1
44.376	1
44.384	0
44.392	1
44.4	3
44.408	0
44.416	1
44.424	0
44.432	1
44.44	0
44.448	0
44.456	0
44.464	0
44.472	0
44.48	3
44.488	1
44.496	0
44.504	0
44.512	1
44.52	1
44.528	2
44.536	1
44.544	1
44.552	1
44.56	0
44.568	1
44.576	0
44.584	0
44.592	2
44.6	1
44.608	1
44.616	1
44.624	0
44.632	0
44.64	0
44.648	0
44.656	0
44.664	1
44.672	1
44.68	0
44.688	1
44.696	0
44.704	0
44.712	0
44.72	1
44.728	0
44.736	0
44.744	0
44.752	0
44.76	1
44.768	1
44.776	1
44.784	0
44.792	0
44.8	0
44.808	3
44.816	0
44.824	0
44.832	0
44.84	0
44.848	0
44.856	0
44.864	1
44.872	0
44.88	0
44.888	0
44.896	1
44.904	0
44.912	0
44.92	0
44.928	0
44.936	0
44.944	1
44.952	0
44.96	0
44.968	0
44.976	0
44.984	0
44.992	0
45	1
45.008	0
45.016	1
45.024	0
45.032	0
45.04	1
45.048	0
45.056	0
45.064	0
45.072	1
45.08	0
45.088	0
45.096	0
45.104	0
45.112	0
45.12	0
45.128	0
45.136	1
45.144	0
45.152	0
45.16	0
45.168	3
45.176	0
45.184	1
45.192	0
45.2	0
45.208	0
45.216	0
45.224	1
45.232	0
45.24	0
45.248	1
45.256	0
45.264	0
45.272	0
45.28	1
45.288	0
45.296	0
45.304	0
45.312	0
45.32	3
45.328	1
45.336	0
45.344	0
45.352	0
45.36	1
45.368	0
45.376	0
45.384	0
45.392	0
45.4	2
45.408	0
45.416	0
45.424	0
45.432	0
45.44	1
45.448	0
45.456	0
45.464	1
45.472	2
45.48	2
45.488	1
45.496	0
45.504	1
45.512	0
45.52	0
45.528	1
45.536	0
45.544	0
45.552	0
45.56	0
45.568	0
45.576	0
45.584	1
45.592	1
45.6	1
45.608	0
45.616	1
45.624	1
45.632	0
45.64	1
45.648	0
45.656	0
45.664	0
45.672	0
45.68	0
45.688	0
45.696	1
45.704	0
45.712	0
45.72	0
45.728	0
45.736	0
45.744	0
45.752	0
45.76	0
45.768	0
45.776	2
45.784	0
45.792	0
45.8	1
45.808	0
45.816	1
45.824	1
45.832	0
45.84	1
45.848	0
45.856	0
45.864	0
45.872	2
45.88	0
45.888	1
45.896	0
45.904	1
45.912	0
45.92	0
45.928	0
45.936	0
45.944	1
45.952	0
45.96	0
45.968	2
45.976	0
45.984	1
45.992	0
46	0
46.008	0
46.016	1
46.024	2
46.032	0
46.04	1
46.048	0
46.056	0
46.064	0
46.072	0
46.08	0
46.088	1
46.096	0
46.104	0
46.112	0
46.12	1
46.128	0
46.136	0
46.144	0
46.152	2
46.16	0
46.168	0
46.176	0
46.184	0
46.192	1
46.2	0
46.208	0
46.216	0
46.224	2
46.232	1
46.24	1
46.248	1
46.256	0
46.264	1
46.272	0
46.28	0
46.288	0
46.296	1
46.304	1
46.312	0
46.32	1
46.328	0
46.336	0
46.344	0
46.352	1
46.36	1
46.368	0
46.376	1
46.384	0
46.392	0
46.4	1
46.408	0
46.416	0
46.424	0
46.432	2
46.44	0
46.448	1
46.456	1
46.464	2
46.472	0
46.48	1
46.488	0
46.496	1
46.504	0
46.512	0
46.52	0
46.528	0
46.536	0
46.544	3
46.552	0
46.56	1
46.568	0
46.576	1
46.584	0
46.592	0
46.6	1
46.608	1
46.616	0
46.624	1
46.632	0
46.64	0
46.648	0
46.656	3
46.664	0
46.672	0
46.68	0
46.688	1
46.696	1
46.704	0
46.712	0
46.72	1
46.728	0
46.736	0
46.744	1
46.752	0
46.76	0
46.768	1
46.776	0
46.784	0
46.792	0
46.8	0
46.808	0
46.816	0
46.824	0
46.832	0
46.84	0
46.848	0
46.856	0
46.864	0
46.872	0
46.88	0
46.888	1
46.896	0
46.904	0
46.912	1
46.92	0
46.928	1
46.936	0
46.944	1
46.952	0
46.96	0
46.968	0
46.976	1
46.984	0
46.992	0
47	0
47.008	1
47.016	0
47.024	0
47.032	0
47.04	0
47.048	0
47.056	2
47.064	0
47.072	0
47.08	0
47.088	0
47.096	0
47.104	0
47.112	1
47.12	1
47.128	0
47.136	1
47.144	0
47.152	0
47.16	0
47.168	1
47.176	2
47.184	0
47.192	0
47.2	0
47.208	0
47.216	0
47.224	1
47.232	2
47.24	1
47.248	0
47.256	0
47.264	1
47.272	1
47.28	0
47.288	0
47.296	0
47.304	1
47.312	0
47.32	0
47.328	0
47.336	1
47.344	0
47.352	0
47.36	0
47.368	1
47.376	0
47.384	0
47.392	0
47.4	0
47.408	0
47.416	0
47.424	0
47.432	0
47.44	0
47.448	0
47.456	0
47.464	0
47.472	1
47.48	0
47.488	1
47.496	0
47.504	1
47.512	0
47.52	1
47.528	0
47.536	0
47.544	0
47.552	0
47.56	0
47.568	0
47.576	0
47.584	0
47.592	0
47.6	0
47.608	0
47.616	1
47.624	0
47.632	0
47.64	0
47.648	0
47.656	0
47.664	0
47.672	0
47.68	1
47.688	0
47.696	0
47.704	0
47.712	0
47.72	0
47.728	0
47.736	0
47.744	1
47.752	1
47.76	0
47.768	0
47.776	0
47.784	0
47.792	0
47.8	3
47.808	0
47.816	0
47.824	0
47.832	0
47.84	1
47.848	3
47.856	0
47.864	1
47.872	1
47.88	0
47.888	1
47.896	0
47.904	0
47.912	0
47.92	1
47.928	0
47.936	0
47.944	0
47.952	0
47.96	0
47.968	0
47.976	0
47.984	0
47.992	0
48	1
48.008	2
48.016	0
48.024	0
48.032	1
48.04	0
48.048	0
48.056	0
48.064	0
48.072	0
48.08	0
48.088	1
48.096	0
48.104	0
48.112	0
48.12	0
48.128	1
48.136	0
48.144	0
48.152	0
48.16	0
48.168	1
48.176	1
48.184	0
48.192	0
48.2	1
48.208	1
48.216	0
48.224	1
48.232	1
48.24	0
48.248	0
48.256	1
48.264	0
48.272	1
48.28	2
48.288	1
48.296	0
48.304	1
48.312	0
48.32	0
48.328	3
48.336	3
48.344	0
48.352	0
48.36	0
48.368	0
48.376	1
48.384	1
48.392	0
48.4	0
48.408	1
48.416	1
48.424	0
48.432	0
48.44	0
48.448	0
48.456	1
48.464	1
48.472	0
48.48	1
48.488	0
48.496	0
48.504	1
48.512	0
48.52	0
48.528	2
48.536	0
48.544	0
48.552	0
48.56	0
48.568	0
48.576	0
48.584	1
48.592	0
48.6	1
48.608	0
48.616	1
48.624	0
48.632	0
48.64	0
48.648	0
48.656	0
48.664	2
48.672	1
48.68	1
48.688	0
48.696	0
48.704	0
48.712	1
48.72	0
48.728	0
48.736	0
48.744	0
48.752	1
48.76	2
48.768	0
48.776	1
48.784	2
48.792	0
