# Synthetic (no-IRF) TCSPC decays at each unfolded fraction step
# Gaussian (folded): R_mean=35.0 Å, sigma=4.0 Å
# WLC (unfolded):    Lc=80.0 Å, Lp=60.0 Å
# tau_D0=4.00 ns, R0=52.0 Å
# Time axis: 256 channels over 25.0 ns
# Columns: time_ns  decay(f=0.00)  decay(f=0.05) ...
time_ns	decay(f=0.00)	decay(f=0.05)	decay(f=0.10)	decay(f=0.15)	decay(f=0.20)	decay(f=0.25)	decay(f=0.30)	decay(f=0.35)	decay(f=0.40)	decay(f=0.45)	decay(f=0.50)	decay(f=0.55)	decay(f=0.60)	decay(f=0.65)	decay(f=0.70)	decay(f=0.75)	decay(f=0.80)	decay(f=0.85)	decay(f=0.90)	decay(f=0.95)	decay(f=1.00)
0.00000000	0.23658517	0.20436406	0.17986747	0.16061497	0.14508544	0.13229419	0.12157564	0.11246377	0.10462250	0.09780340	0.09181881	0.08652439	0.08180725	0.07757786	0.07376428	0.07030807	0.06716125	0.06428405	0.06164324	0.05921084	0.05696311
0.09803922	0.16357669	0.14207347	0.12572533	0.11287690	0.10251304	0.09397662	0.08682345	0.08074251	0.07550953	0.07095870	0.06696480	0.06343149	0.06028344	0.05746090	0.05491585	0.05260930	0.05050923	0.04858908	0.04682670	0.04520341	0.04370335
0.19607843	0.11969293	0.10543196	0.09458984	0.08606873	0.07919541	0.07353403	0.06879004	0.06475715	0.06128662	0.05826850	0.05561974	0.05327645	0.05118865	0.04931674	0.04762886	0.04609915	0.04470637	0.04343293	0.04226412	0.04118754	0.04019271
0.29411765	0.09047468	0.08096487	0.07373488	0.06805265	0.06346923	0.05969398	0.05653049	0.05384118	0.05152689	0.04951428	0.04774798	0.04618537	0.04479314	0.04354487	0.04241932	0.04139925	0.04047048	0.03962130	0.03884188	0.03812398	0.03746058
0.39215686	0.06995544	0.06371207	0.05896545	0.05523496	0.05222585	0.04974734	0.04767044	0.04590486	0.04438549	0.04306417	0.04190456	0.04087868	0.03996466	0.03914514	0.03840620	0.03773650	0.03712675	0.03656924	0.03605754	0.03558623	0.03515069
0.49019608	0.05502725	0.05109827	0.04811121	0.04576360	0.04386995	0.04231021	0.04100322	0.03989213	0.03893598	0.03810448	0.03737473	0.03672914	0.03615394	0.03563821	0.03517319	0.03475175	0.03436803	0.03401719	0.03369518	0.03339857	0.03312449
0.58823529	0.04388205	0.04162676	0.03991214	0.03856458	0.03747760	0.03658229	0.03583205	0.03519427	0.03464543	0.03416813	0.03374925	0.03337867	0.03304849	0.03275246	0.03248553	0.03224362	0.03202336	0.03182197	0.03163713	0.03146688	0.03130955
0.68627451	0.03539227	0.03436431	0.03358279	0.03296857	0.03247313	0.03206504	0.03172309	0.03143239	0.03118223	0.03096468	0.03077375	0.03060484	0.03045435	0.03031941	0.03019775	0.03008749	0.02998709	0.02989530	0.02981105	0.02973345	0.02966174
0.78431373	0.02881937	0.02869956	0.02860847	0.02853689	0.02847914	0.02843158	0.02839173	0.02835785	0.02832869	0.02830333	0.02828108	0.02826140	0.02824386	0.02822813	0.02821395	0.02820110	0.02818940	0.02817870	0.02816888	0.02815984	0.02815148
0.88235294	0.02366141	0.02421681	0.02463906	0.02497092	0.02523861	0.02545910	0.02564386	0.02580092	0.02593608	0.02605363	0.02615678	0.02624804	0.02632936	0.02640226	0.02646799	0.02652757	0.02658181	0.02663141	0.02667693	0.02671886	0.02675760
0.98039216	0.01956715	0.02062498	0.02142921	0.02206128	0.02257112	0.02299107	0.02334296	0.02364211	0.02389954	0.02412341	0.02431989	0.02449371	0.02464857	0.02478743	0.02491263	0.02502610	0.02512941	0.02522387	0.02531057	0.02539042	0.02546422
1.07843137	0.01628492	0.01771532	0.01880281	0.01965750	0.02034691	0.02091475	0.02139059	0.02179509	0.02214320	0.02244592	0.02271160	0.02294663	0.02315604	0.02334380	0.02351310	0.02366653	0.02380623	0.02393396	0.02405119	0.02415918	0.02425896
1.17647059	0.01363078	0.01533512	0.01663088	0.01764924	0.01847068	0.01914727	0.01971423	0.02019621	0.02061097	0.02097167	0.02128823	0.02156828	0.02181779	0.02204150	0.02224322	0.02242604	0.02259249	0.02274468	0.02288437	0.02301303	0.02313193
1.27450980	0.01146803	0.01337074	0.01481730	0.01595419	0.01687124	0.01762658	0.01825953	0.01879760	0.01926064	0.01966332	0.02001672	0.02032936	0.02060792	0.02085767	0.02108287	0.02128696	0.02147279	0.02164269	0.02179863	0.02194227	0.02207500
1.37254902	0.00969359	0.01173637	0.01328942	0.01451001	0.01549456	0.01630551	0.01698506	0.01756274	0.01805987	0.01849219	0.01887161	0.01920727	0.01950633	0.01977447	0.02001624	0.02023536	0.02043487	0.02061728	0.02078470	0.02093891	0.02108142
1.47058824	0.00822872	0.01036638	0.01199156	0.01326883	0.01429911	0.01514773	0.01585883	0.01646334	0.01698356	0.01743596	0.01783299	0.01818424	0.01849719	0.01877778	0.01903079	0.01926009	0.01946886	0.01965974	0.01983494	0.01999631	0.02014543
1.56862745	0.00701264	0.00920999	0.01088056	0.01219350	0.01325255	0.01412486	0.01485582	0.01547721	0.01601195	0.01647699	0.01688511	0.01724617	0.01756786	0.01785629	0.01811636	0.01835205	0.01856665	0.01876287	0.01894296	0.01910884	0.01926213
1.66666667	0.00599793	0.00822753	0.00992262	0.01125483	0.01232943	0.01321454	0.01395623	0.01458674	0.01512933	0.01560119	0.01601531	0.01638167	0.01670808	0.01700074	0.01726463	0.01750378	0.01772153	0.01792063	0.01810336	0.01827168	0.01842721
1.76470588	0.00514727	0.00738770	0.00909103	0.01042971	0.01150953	0.01239895	0.01314424	0.01377782	0.01432304	0.01479720	0.01521332	0.01558146	0.01590946	0.01620354	0.01646871	0.01670903	0.01692784	0.01712790	0.01731153	0.01748066	0.01763695
1.86274510	0.00443105	0.00666561	0.00836448	0.00969966	0.01077665	0.01166373	0.01240708	0.01303899	0.01358279	0.01405571	0.01447074	0.01483792	0.01516505	0.01545837	0.01572284	0.01596253	0.01618077	0.01638031	0.01656345	0.01673214	0.01688802
1.96078431	0.00382561	0.00604132	0.00772585	0.00904977	0.01011767	0.01099727	0.01173434	0.01236093	0.01290014	0.01336906	0.01378060	0.01414467	0.01446905	0.01475989	0.01502213	0.01525980	0.01547619	0.01567405	0.01585565	0.01602291	0.01617748
2.05882353	0.00331192	0.00549873	0.00716129	0.00846793	0.00952191	0.01039004	0.01111749	0.01173591	0.01226809	0.01273089	0.01313706	0.01349639	0.01381653	0.01410358	0.01436240	0.01459697	0.01481054	0.01500581	0.01518504	0.01535013	0.01550268
2.15686275	0.00287455	0.00502476	0.00665949	0.00794426	0.00898059	0.00983419	0.01054947	0.01115753	0.01168080	0.01213586	0.01253523	0.01288854	0.01320333	0.01348557	0.01374006	0.01397070	0.01418070	0.01437270	0.01454893	0.01471125	0.01486125
2.25490196	0.00250098	0.00460873	0.00621119	0.00747060	0.00848647	0.00932321	0.01002437	0.01062043	0.01113337	0.01157944	0.01197093	0.01231726	0.01262584	0.01290250	0.01315197	0.01337806	0.01358391	0.01377212	0.01394487	0.01410399	0.01425103
2.35294118	0.00218091	0.00424186	0.00580874	0.00704018	0.00803350	0.00885166	0.00953725	0.01012007	0.01062163	0.01105780	0.01144059	0.01177923	0.01208096	0.01235148	0.01259541	0.01281648	0.01301776	0.01320179	0.01337070	0.01352629	0.01367006
2.45098039	0.00190590	0.00391690	0.00544579	0.00664739	0.00761663	0.00841496	0.00908393	0.00965263	0.01014202	0.01056762	0.01094113	0.01127157	0.01156598	0.01182994	0.01206796	0.01228367	0.01248007	0.01265964	0.01282446	0.01297628	0.01311656
2.54901961	0.00166898	0.00362782	0.00511707	0.00628750	0.00723160	0.00800923	0.00866085	0.00921480	0.00969150	0.01010606	0.01046988	0.01079175	0.01107852	0.01133565	0.01156749	0.01177760	0.01196891	0.01214383	0.01230437	0.01245225	0.01258890
2.64705882	0.00146434	0.00336961	0.00481811	0.00595653	0.00687480	0.00763116	0.00826496	0.00880375	0.00926741	0.00967063	0.01002451	0.01033757	0.01061650	0.01086659	0.01109209	0.01129646	0.01148253	0.01165266	0.01180882	0.01195265	0.01208556
2.74509804	0.00128717	0.00313804	0.00454519	0.00565111	0.00654317	0.00727793	0.00789364	0.00841705	0.00886747	0.00925918	0.00960295	0.00990708	0.01017804	0.01042099	0.01064005	0.01083859	0.01101935	0.01118462	0.01133632	0.01147604	0.01160516
2.84313725	0.00113343	0.00292959	0.00429514	0.00536837	0.00623406	0.00694711	0.00754461	0.00805255	0.00848966	0.00886979	0.00920340	0.00949853	0.00976149	0.00999726	0.01020984	0.01040251	0.01057793	0.01073832	0.01088553	0.01102112	0.01114642
2.94117647	0.00099972	0.00274125	0.00406527	0.00510585	0.00594521	0.00663657	0.00721590	0.00770839	0.00813220	0.00850077	0.00882423	0.00911039	0.00936535	0.00959395	0.00980007	0.00998687	0.01015696	0.01031247	0.01045520	0.01058667	0.01070816
3.03921569	0.00088321	0.00257049	0.00385328	0.00486145	0.00567467	0.00634449	0.00690578	0.00738293	0.00779354	0.00815063	0.00846402	0.00874126	0.00898828	0.00920976	0.00940946	0.00959044	0.00975523	0.00990590	0.01004419	0.01017156	0.01028926
3.13725490	0.00078147	0.00241515	0.00365719	0.00463333	0.00542071	0.00606926	0.00661272	0.00707471	0.00747228	0.00781802	0.00812145	0.00838989	0.00862906	0.00884350	0.00903686	0.00921210	0.00937165	0.00951753	0.00965143	0.00977475	0.00988872
3.23529412	0.00069247	0.00227339	0.00347530	0.00441992	0.00518187	0.00580947	0.00633537	0.00678244	0.00716717	0.00750175	0.00779538	0.00805515	0.00828659	0.00849411	0.00868122	0.00885080	0.00900519	0.00914636	0.00927593	0.00939528	0.00950556
3.33333333	0.00061447	0.00214361	0.00330616	0.00421984	0.00495683	0.00556387	0.00607255	0.00650498	0.00687710	0.00720072	0.00748474	0.00773600	0.00795986	0.00816058	0.00834156	0.00850559	0.00865493	0.00879147	0.00891680	0.00903223	0.00913891
3.43137255	0.00054600	0.00202446	0.00314848	0.00403187	0.00474444	0.00533137	0.00582318	0.00624128	0.00660107	0.00691397	0.00718857	0.00743150	0.00764795	0.00784201	0.00801700	0.00817558	0.00831997	0.00845199	0.00857317	0.00868478	0.00878791
3.52941176	0.00048579	0.00191475	0.00300115	0.00385497	0.00454369	0.00511096	0.00558632	0.00599042	0.00633817	0.00664059	0.00690600	0.00714080	0.00735000	0.00753757	0.00770669	0.00785997	0.00799953	0.00812713	0.00824425	0.00835212	0.00845180
3.62745098	0.00043276	0.00181349	0.00286320	0.00368820	0.00435367	0.00490179	0.00536110	0.00575155	0.00608757	0.00637977	0.00663622	0.00686310	0.00706523	0.00724647	0.00740989	0.00755799	0.00769284	0.00781613	0.00792929	0.00803353	0.00812984
3.72549020	0.00038599	0.00171976	0.00273379	0.00353073	0.00417357	0.00470306	0.00514674	0.00552393	0.00584851	0.00613078	0.00637851	0.00659767	0.00679294	0.00696801	0.00712587	0.00726894	0.00739920	0.00751830	0.00762761	0.00772830	0.00782135
3.82352941	0.00034467	0.00163282	0.00261215	0.00338183	0.00400268	0.00451405	0.00494256	0.00530684	0.00562032	0.00589293	0.00613219	0.00634385	0.00653243	0.00670152	0.00685398	0.00699215	0.00711796	0.00723298	0.00733856	0.00743580	0.00752566
3.92156863	0.00030812	0.00155197	0.00249763	0.00324085	0.00384034	0.00433413	0.00474790	0.00509965	0.00540236	0.00566560	0.00589662	0.00610101	0.00628311	0.00644638	0.00659359	0.00672702	0.00684849	0.00695956	0.00706151	0.00715541	0.00724218
4.01960784	0.00027575	0.00147664	0.00238964	0.00310719	0.00368598	0.00416271	0.00456220	0.00490180	0.00519405	0.00544820	0.00567124	0.00586857	0.00604438	0.00620201	0.00634414	0.00647296	0.00659024	0.00669747	0.00679590	0.00688655	0.00697033
4.11764706	0.00024704	0.00140631	0.00228765	0.00298033	0.00353906	0.00399927	0.00438490	0.00471274	0.00499485	0.00524019	0.00545551	0.00564600	0.00581571	0.00596788	0.00610508	0.00622943	0.00634265	0.00644617	0.00654118	0.00662869	0.00670956
4.21568627	0.00022154	0.00134050	0.00219121	0.00285980	0.00339910	0.00384331	0.00421554	0.00453198	0.00480428	0.00504109	0.00524892	0.00543279	0.00559660	0.00574348	0.00587591	0.00599594	0.00610522	0.00620514	0.00629685	0.00638132	0.00645938
4.31372549	0.00019887	0.00127883	0.00209988	0.00274517	0.00326568	0.00369440	0.00405366	0.00435906	0.00462188	0.00485044	0.00505102	0.00522847	0.00538658	0.00552834	0.00565616	0.00577200	0.00587747	0.00597391	0.00606242	0.00614395	0.00621928
4.41176471	0.00017869	0.00122093	0.00201331	0.00263606	0.00313838	0.00355213	0.00389884	0.00419358	0.00444721	0.00466779	0.00486137	0.00503262	0.00518521	0.00532201	0.00544537	0.00555716	0.00565895	0.00575202	0.00583744	0.00591612	0.00598883
4.50980392	0.00016071	0.00116648	0.00193114	0.00253210	0.00301685	0.00341613	0.00375070	0.00403513	0.00427989	0.00449275	0.00467956	0.00484482	0.00499207	0.00512408	0.00524312	0.00535101	0.00544924	0.00553905	0.00562148	0.00569741	0.00576757
4.60784314	0.00014466	0.00111520	0.00185307	0.00243298	0.00290075	0.00328604	0.00360889	0.00388336	0.00411954	0.00432494	0.00450521	0.00466468	0.00480677	0.00493416	0.00504903	0.00515314	0.00524793	0.00533459	0.00541413	0.00548740	0.00555511
4.70588235	0.00013033	0.00106684	0.00177883	0.00233841	0.00278977	0.00316155	0.00347308	0.00373792	0.00396583	0.00416402	0.00433797	0.00449185	0.00462895	0.00475188	0.00486272	0.00496318	0.00505464	0.00513826	0.00521502	0.00528572	0.00535105
4.80392157	0.00011752	0.00102116	0.00170817	0.00224811	0.00268363	0.00304236	0.00334296	0.00359851	0.00381841	0.00400966	0.00417749	0.00432598	0.00445827	0.00457688	0.00468383	0.00478076	0.00486902	0.00494971	0.00502377	0.00509199	0.00515502
4.90196078	0.00010606	0.00097797	0.00164085	0.00216183	0.00258207	0.00292820	0.00321825	0.00346482	0.00367701	0.00386153	0.00402348	0.00416675	0.00429439	0.00440884	0.00451204	0.00460556	0.00469072	0.00476858	0.00484004	0.00490586	0.00496668
5.00000000	0.00009579	0.00093708	0.00157668	0.00207936	0.00248483	0.00281881	0.00309867	0.00333658	0.00354132	0.00371936	0.00387562	0.00401386	0.00413702	0.00424745	0.00434702	0.00443726	0.00451942	0.00459455	0.00466350	0.00472701	0.00478570
5.09803922	0.00008658	0.00089832	0.00151545	0.00200048	0.00239171	0.00271395	0.00298398	0.00321353	0.00341108	0.00358287	0.00373364	0.00386702	0.00398586	0.00409241	0.00418848	0.00427555	0.00435483	0.00442731	0.00449384	0.00455512	0.00461175
5.19607843	0.00007832	0.00086154	0.00145700	0.00192498	0.00230247	0.00261340	0.00287395	0.00309543	0.00328604	0.00345180	0.00359727	0.00372596	0.00384063	0.00394343	0.00403613	0.00412015	0.00419664	0.00426658	0.00433077	0.00438990	0.00444453
5.29411765	0.00007089	0.00082661	0.00140116	0.00185271	0.00221694	0.00251695	0.00276834	0.00298205	0.00316596	0.00332590	0.00346626	0.00359044	0.00370107	0.00380027	0.00388972	0.00397078	0.00404458	0.00411207	0.00417400	0.00423105	0.00428377
5.39215686	0.00006422	0.00079340	0.00134778	0.00178348	0.00213492	0.00242439	0.00266696	0.00287317	0.00305062	0.00320494	0.00334038	0.00346020	0.00356695	0.00366266	0.00374897	0.00382718	0.00389840	0.00396351	0.00402327	0.00407832	0.00412919
5.49019608	0.00005821	0.00076181	0.00129673	0.00171713	0.00205624	0.00233556	0.00256962	0.00276859	0.00293981	0.00308872	0.00321940	0.00333501	0.00343802	0.00353037	0.00361365	0.00368912	0.00375783	0.00382066	0.00387833	0.00393144	0.00398052
5.58823529	0.00005281	0.00073172	0.00124788	0.00165354	0.00198075	0.00225027	0.00247611	0.00266811	0.00283333	0.00297701	0.00310311	0.00321466	0.00331405	0.00340317	0.00348352	0.00355635	0.00362265	0.00368328	0.00373892	0.00379017	0.00383753
5.68627451	0.00004793	0.00070305	0.00120111	0.00159255	0.00190829	0.00216836	0.00238629	0.00257155	0.00273098	0.00286962	0.00299130	0.00309895	0.00319485	0.00328084	0.00335838	0.00342865	0.00349263	0.00355113	0.00360482	0.00365428	0.00369998
5.78431373	0.00004354	0.00067570	0.00115631	0.00153404	0.00183872	0.00208968	0.00229997	0.00247874	0.00263259	0.00276637	0.00288379	0.00298766	0.00308021	0.00316319	0.00323801	0.00330582	0.00336756	0.00342401	0.00347582	0.00352354	0.00356764
5.88235294	0.00003957	0.00064960	0.00111339	0.00147789	0.00177191	0.00201408	0.00221701	0.00238952	0.00253798	0.00266708	0.00278039	0.00288063	0.00296994	0.00305001	0.00312221	0.00318765	0.00324722	0.00330170	0.00335169	0.00339775	0.00344030
5.98039216	0.00003599	0.00062468	0.00107224	0.00142400	0.00170773	0.00194143	0.00213726	0.00230374	0.00244700	0.00257159	0.00268093	0.00277766	0.00286385	0.00294112	0.00301079	0.00307394	0.00313143	0.00318400	0.00323225	0.00327669	0.00331776
6.07843137	0.00003275	0.00060087	0.00103279	0.00137224	0.00164606	0.00187159	0.00206058	0.00222124	0.00235949	0.00247973	0.00258525	0.00267860	0.00276177	0.00283634	0.00290358	0.00296452	0.00302000	0.00307073	0.00311730	0.00316018	0.00319982
6.17647059	0.00002982	0.00057810	0.00099493	0.00132254	0.00158679	0.00180445	0.00198683	0.00214188	0.00227531	0.00239135	0.00249318	0.00258327	0.00266354	0.00273551	0.00280040	0.00285921	0.00291276	0.00296171	0.00300665	0.00304804	0.00308629
6.27450980	0.00002717	0.00055632	0.00095861	0.00127478	0.00152981	0.00173988	0.00191590	0.00206554	0.00219432	0.00230630	0.00240458	0.00249153	0.00256900	0.00263845	0.00270108	0.00275784	0.00280952	0.00285677	0.00290014	0.00294009	0.00297700
6.37254902	0.00002476	0.00053547	0.00092374	0.00122889	0.00147504	0.00167778	0.00184767	0.00199209	0.00211637	0.00222446	0.00231931	0.00240323	0.00247800	0.00254503	0.00260548	0.00266026	0.00271014	0.00275574	0.00279760	0.00283615	0.00287178
6.47058824	0.00002259	0.00051551	0.00089026	0.00118478	0.00142236	0.00161804	0.00178201	0.00192141	0.00204136	0.00214568	0.00223723	0.00231823	0.00239039	0.00245509	0.00251343	0.00256631	0.00261445	0.00265846	0.00269886	0.00273607	0.00277046
6.56862745	0.00002061	0.00049638	0.00085810	0.00114238	0.00137169	0.00156056	0.00171883	0.00185338	0.00196916	0.00206985	0.00215822	0.00223639	0.00230605	0.00236850	0.00242481	0.00247584	0.00252231	0.00256479	0.00260379	0.00263970	0.00267289
6.66666667	0.00001882	0.00047806	0.00082720	0.00110160	0.00132294	0.00150525	0.00165802	0.00178789	0.00189965	0.00199684	0.00208214	0.00215760	0.00222483	0.00228511	0.00233947	0.00238873	0.00243358	0.00247459	0.00251222	0.00254689	0.00257893
6.76470588	0.00001719	0.00046049	0.00079751	0.00106239	0.00127604	0.00145202	0.00159949	0.00172485	0.00183273	0.00192655	0.00200888	0.00208172	0.00214662	0.00220481	0.00225727	0.00230483	0.00234812	0.00238770	0.00242404	0.00245750	0.00248842
6.86274510	0.00001571	0.00044364	0.00076897	0.00102466	0.00123091	0.00140078	0.00154314	0.00166415	0.00176829	0.00185885	0.00193833	0.00200865	0.00207129	0.00212746	0.00217811	0.00222401	0.00226580	0.00230402	0.00233909	0.00237139	0.00240124
6.96078431	0.00001437	0.00042747	0.00074153	0.00098836	0.00118746	0.00135146	0.00148888	0.00160570	0.00170623	0.00179366	0.00187038	0.00193826	0.00199874	0.00205296	0.00210185	0.00214617	0.00218651	0.00222340	0.00225726	0.00228844	0.00231726
7.05882353	0.00001314	0.00041195	0.00071514	0.00095343	0.00114564	0.00130396	0.00143663	0.00154941	0.00164646	0.00173086	0.00180493	0.00187046	0.00192884	0.00198119	0.00202839	0.00207117	0.00211012	0.00214573	0.00217842	0.00220852	0.00223634
7.15686275	0.00001203	0.00039705	0.00068976	0.00091982	0.00110538	0.00125823	0.00138631	0.00149519	0.00158888	0.00167037	0.00174188	0.00180514	0.00186151	0.00191205	0.00195762	0.00199891	0.00203652	0.00207090	0.00210245	0.00213152	0.00215838
7.25490196	0.00001102	0.00038274	0.00066535	0.00088746	0.00106661	0.00121418	0.00133784	0.00144296	0.00153342	0.00161209	0.00168113	0.00174221	0.00179663	0.00184542	0.00188942	0.00192929	0.00196560	0.00199879	0.00202926	0.00205732	0.00208325
7.35294118	0.00001009	0.00036899	0.00064185	0.00085630	0.00102928	0.00117176	0.00129115	0.00139264	0.00147998	0.00155594	0.00162260	0.00168157	0.00173412	0.00178122	0.00182370	0.00186220	0.00189725	0.00192930	0.00195872	0.00198581	0.00201085
7.45098039	0.00000925	0.00035579	0.00061924	0.00082630	0.00099332	0.00113089	0.00124617	0.00134416	0.00142850	0.00150183	0.00156620	0.00162314	0.00167387	0.00171936	0.00176037	0.00179754	0.00183139	0.00186233	0.00189073	0.00191689	0.00194107
7.54901961	0.00000848	0.00034309	0.00059748	0.00079741	0.00095868	0.00109152	0.00120283	0.00129745	0.00137888	0.00144969	0.00151184	0.00156682	0.00161581	0.00165973	0.00169933	0.00173522	0.00176790	0.00179778	0.00182521	0.00185047	0.00187381
7.64705882	0.00000778	0.00033089	0.00057653	0.00076959	0.00092531	0.00105358	0.00116106	0.00125243	0.00133106	0.00139944	0.00145945	0.00151255	0.00155985	0.00160226	0.00164050	0.00167516	0.00170671	0.00173556	0.00176205	0.00178644	0.00180898
7.74509804	0.00000714	0.00031915	0.00055636	0.00074279	0.00089316	0.00101702	0.00112081	0.00120905	0.00128498	0.00135101	0.00140896	0.00146023	0.00150590	0.00154686	0.00158379	0.00161725	0.00164773	0.00167559	0.00170116	0.00172471	0.00174648
7.84313725	0.00000656	0.00030786	0.00053693	0.00071696	0.00086218	0.00098179	0.00108202	0.00116723	0.00124056	0.00130432	0.00136028	0.00140979	0.00145390	0.00149345	0.00152911	0.00156143	0.00159086	0.00161776	0.00164246	0.00166520	0.00168622
7.94117647	0.00000602	0.00029700	0.00051822	0.00069208	0.00083233	0.00094784	0.00104464	0.00112692	0.00119773	0.00125931	0.00131336	0.00136117	0.00140377	0.00144196	0.00147640	0.00150762	0.00153603	0.00156202	0.00158586	0.00160783	0.00162813
8.03921569	0.00000553	0.00028655	0.00050020	0.00066811	0.00080355	0.00091511	0.00100859	0.00108806	0.00115645	0.00121592	0.00126812	0.00131429	0.00135543	0.00139232	0.00142558	0.00145572	0.00148317	0.00150826	0.00153130	0.00155251	0.00157211
8.13725490	0.00000509	0.00027650	0.00048284	0.00064501	0.00077582	0.00088356	0.00097385	0.00105060	0.00111665	0.00117409	0.00122450	0.00126909	0.00130883	0.00134445	0.00137658	0.00140569	0.00143219	0.00145643	0.00147867	0.00149916	0.00151810
8.23529412	0.00000468	0.00026682	0.00046611	0.00062274	0.00074908	0.00085314	0.00094035	0.00101448	0.00107827	0.00113375	0.00118244	0.00122551	0.00126388	0.00129829	0.00132932	0.00135744	0.00138304	0.00140645	0.00142793	0.00144772	0.00146601
8.33333333	0.00000430	0.00025750	0.00044999	0.00060128	0.00072331	0.00082382	0.00090804	0.00097965	0.00104126	0.00109485	0.00114187	0.00118348	0.00122054	0.00125378	0.00128374	0.00131090	0.00133563	0.00135824	0.00137899	0.00139811	0.00141577
8.43137255	0.00000396	0.00024852	0.00043446	0.00058058	0.00069845	0.00079554	0.00087690	0.00094606	0.00100557	0.00105733	0.00110275	0.00114294	0.00117874	0.00121085	0.00123979	0.00126602	0.00128991	0.00131175	0.00133179	0.00135025	0.00136731
8.52941176	0.00000365	0.00023988	0.00041948	0.00056064	0.00067449	0.00076827	0.00084686	0.00091366	0.00097115	0.00102115	0.00106503	0.00110384	0.00113843	0.00116944	0.00119740	0.00122274	0.00124581	0.00126690	0.00128626	0.00130410	0.00132058
8.62745098	0.00000336	0.00023156	0.00040505	0.00054140	0.00065139	0.00074198	0.00081789	0.00088242	0.00093796	0.00098625	0.00102864	0.00106613	0.00109954	0.00112949	0.00115650	0.00118098	0.00120327	0.00122365	0.00124235	0.00125958	0.00127549
8.72549020	0.00000309	0.00022354	0.00039114	0.00052285	0.00062910	0.00071662	0.00078995	0.00085229	0.00090594	0.00095259	0.00099353	0.00102976	0.00106203	0.00109096	0.00111706	0.00114070	0.00116223	0.00118192	0.00119998	0.00121663	0.00123200
8.82352941	0.00000285	0.00021581	0.00037772	0.00050497	0.00060761	0.00069215	0.00076300	0.00082322	0.00087505	0.00092012	0.00095967	0.00099466	0.00102584	0.00105380	0.00107900	0.00110184	0.00112264	0.00114166	0.00115911	0.00117519	0.00119005
8.92156863	0.00000263	0.00020837	0.00036479	0.00048772	0.00058688	0.00066856	0.00073700	0.00079518	0.00084525	0.00088879	0.00092700	0.00096081	0.00099093	0.00101794	0.00104229	0.00106436	0.00108445	0.00110282	0.00111968	0.00113521	0.00114957
9.01960784	0.00000242	0.00020120	0.00035232	0.00047108	0.00056688	0.00064579	0.00071192	0.00076813	0.00081650	0.00085857	0.00089549	0.00092815	0.00095725	0.00098334	0.00100686	0.00102818	0.00104760	0.00106535	0.00108164	0.00109664	0.00111051
9.11764706	0.00000224	0.00019428	0.00034029	0.00045504	0.00054760	0.00062383	0.00068772	0.00074203	0.00078876	0.00082941	0.00086508	0.00089663	0.00092475	0.00094995	0.00097268	0.00099328	0.00101204	0.00102919	0.00104493	0.00105943	0.00107282
9.21568627	0.00000206	0.00018762	0.00032869	0.00043956	0.00052899	0.00060265	0.00066437	0.00071684	0.00076200	0.00080127	0.00083573	0.00086622	0.00089339	0.00091774	0.00093970	0.00095961	0.00097773	0.00099430	0.00100951	0.00102351	0.00103646
9.31372549	0.00000191	0.00018119	0.00031750	0.00042462	0.00051103	0.00058220	0.00064184	0.00069254	0.00073618	0.00077412	0.00080742	0.00083688	0.00086312	0.00088666	0.00090788	0.00092711	0.00094462	0.00096063	0.00097532	0.00098886	0.00100136
9.41176471	0.00000176	0.00017500	0.00030670	0.00041021	0.00049371	0.00056248	0.00062011	0.00066910	0.00071125	0.00074792	0.00078009	0.00080856	0.00083392	0.00085666	0.00087716	0.00089575	0.00091266	0.00092813	0.00094233	0.00095541	0.00096749
9.50980392	0.00000163	0.00016902	0.00029629	0.00039631	0.00047699	0.00054344	0.00059913	0.00064647	0.00068720	0.00072263	0.00075372	0.00078123	0.00080574	0.00082771	0.00084752	0.00086548	0.00088183	0.00089677	0.00091049	0.00092313	0.00093481
9.60784314	0.00000150	0.00016326	0.00028624	0.00038290	0.00046086	0.00052507	0.00057888	0.00062463	0.00066399	0.00069823	0.00072827	0.00075485	0.00077853	0.00079977	0.00081891	0.00083626	0.00085206	0.00086651	0.00087976	0.00089197	0.00090326
9.70588235	0.00000139	0.00015771	0.00027655	0.00036995	0.00044529	0.00050735	0.00055935	0.00060355	0.00064159	0.00067467	0.00070371	0.00072939	0.00075228	0.00077280	0.00079130	0.00080806	0.00082333	0.00083729	0.00085010	0.00086190	0.00087281
9.80392157	0.00000128	0.00015235	0.00026720	0.00035746	0.00043027	0.00049023	0.00054049	0.00058321	0.00061997	0.00065194	0.00068000	0.00070482	0.00072693	0.00074676	0.00076464	0.00078085	0.00079560	0.00080909	0.00082147	0.00083287	0.00084341
9.90196078	0.00000119	0.00014718	0.00025817	0.00034540	0.00041576	0.00047372	0.00052228	0.00056357	0.00059910	0.00062999	0.00065711	0.00068110	0.00070247	0.00072163	0.00073891	0.00075457	0.00076883	0.00078187	0.00079383	0.00080485	0.00081504
10.00000000	0.00000110	0.00014219	0.00024946	0.00033376	0.00040177	0.00045778	0.00050471	0.00054461	0.00057895	0.00060881	0.00063502	0.00065820	0.00067885	0.00069737	0.00071407	0.00072921	0.00074299	0.00075559	0.00076715	0.00077780	0.00078764
10.09803922	0.00000102	0.00013738	0.00024105	0.00032253	0.00038825	0.00044239	0.00048775	0.00052631	0.00055950	0.00058836	0.00061369	0.00063609	0.00065606	0.00067396	0.00069009	0.00070472	0.00071804	0.00073022	0.00074139	0.00075169	0.00076120
10.19607843	0.00000094	0.00013274	0.00023294	0.00031169	0.00037521	0.00042753	0.00047138	0.00050865	0.00054072	0.00056861	0.00059309	0.00061475	0.00063404	0.00065134	0.00066694	0.00068108	0.00069395	0.00070572	0.00071652	0.00072647	0.00073567
10.29411765	0.00000087	0.00012826	0.00022511	0.00030122	0.00036262	0.00041319	0.00045557	0.00049159	0.00052259	0.00054955	0.00057321	0.00059414	0.00061279	0.00062951	0.00064459	0.00065826	0.00067070	0.00068207	0.00069251	0.00070213	0.00071102
10.39215686	0.00000081	0.00012394	0.00021755	0.00029112	0.00035046	0.00039934	0.00044030	0.00047512	0.00050509	0.00053115	0.00055402	0.00057425	0.00059227	0.00060844	0.00062301	0.00063622	0.00064824	0.00065924	0.00066933	0.00067862	0.00068721
10.49019608	0.00000075	0.00011976	0.00021025	0.00028136	0.00033873	0.00038597	0.00042557	0.00045922	0.00048819	0.00051338	0.00053548	0.00055504	0.00057246	0.00058808	0.00060217	0.00061494	0.00062656	0.00063719	0.00064694	0.00065593	0.00066423
10.58823529	0.00000069	0.00011574	0.00020320	0.00027195	0.00032739	0.00037306	0.00041134	0.00044387	0.00047187	0.00049621	0.00051758	0.00053649	0.00055333	0.00056843	0.00058205	0.00059439	0.00060562	0.00061590	0.00062533	0.00063401	0.00064204
10.68627451	0.00000064	0.00011185	0.00019640	0.00026285	0.00031645	0.00036060	0.00039759	0.00042904	0.00045611	0.00047964	0.00050030	0.00051857	0.00053485	0.00054945	0.00056261	0.00057454	0.00058540	0.00059533	0.00060445	0.00061284	0.00062060
10.78431373	0.00000060	0.00010810	0.00018983	0.00025407	0.00030588	0.00034856	0.00038433	0.00041473	0.00044089	0.00046364	0.00048361	0.00050127	0.00051701	0.00053112	0.00054385	0.00055538	0.00056588	0.00057548	0.00058429	0.00059241	0.00059990
10.88235294	0.00000055	0.00010448	0.00018349	0.00024559	0.00029568	0.00033694	0.00037151	0.00040090	0.00042619	0.00044819	0.00046749	0.00048457	0.00049978	0.00051342	0.00052572	0.00053687	0.00054702	0.00055630	0.00056482	0.00057267	0.00057992
10.98039216	0.00000051	0.00010098	0.00017737	0.00023740	0.00028583	0.00032571	0.00035913	0.00038755	0.00041200	0.00043326	0.00045192	0.00046843	0.00048314	0.00049633	0.00050822	0.00051900	0.00052881	0.00053778	0.00054602	0.00055360	0.00056061
11.07843137	0.00000048	0.00009761	0.00017146	0.00022949	0.00027631	0.00031487	0.00034718	0.00037465	0.00039829	0.00041885	0.00043689	0.00045285	0.00046707	0.00047982	0.00049131	0.00050173	0.00051122	0.00051989	0.00052785	0.00053519	0.00054196
11.17647059	0.00000044	0.00009435	0.00016575	0.00022186	0.00026712	0.00030440	0.00033564	0.00036219	0.00038505	0.00040492	0.00042236	0.00043779	0.00045154	0.00046387	0.00047498	0.00048506	0.00049423	0.00050261	0.00051031	0.00051740	0.00052395
11.27450980	0.00000041	0.00009120	0.00016023	0.00021448	0.00025824	0.00029428	0.00032449	0.00035016	0.00037226	0.00039147	0.00040834	0.00042326	0.00043655	0.00044847	0.00045921	0.00046895	0.00047782	0.00048593	0.00049337	0.00050022	0.00050655
11.37254902	0.00000038	0.00008816	0.00015490	0.00020736	0.00024967	0.00028451	0.00031372	0.00033854	0.00035990	0.00037848	0.00039479	0.00040921	0.00042206	0.00043359	0.00044398	0.00045339	0.00046196	0.00046980	0.00047700	0.00048363	0.00048975
11.47058824	0.00000035	0.00008523	0.00014976	0.00020047	0.00024138	0.00027508	0.00030331	0.00032731	0.00034797	0.00036593	0.00038170	0.00039564	0.00040807	0.00041921	0.00042926	0.00043836	0.00044665	0.00045423	0.00046119	0.00046759	0.00047352
11.56862745	0.00000033	0.00008240	0.00014479	0.00019383	0.00023338	0.00026596	0.00029326	0.00031647	0.00033644	0.00035381	0.00036905	0.00038254	0.00039455	0.00040533	0.00041504	0.00042384	0.00043186	0.00043919	0.00044591	0.00045211	0.00045783
11.66666667	0.00000030	0.00007966	0.00013999	0.00018741	0.00022565	0.00025715	0.00028355	0.00030599	0.00032531	0.00034210	0.00035684	0.00036988	0.00038150	0.00039191	0.00040130	0.00040982	0.00041757	0.00042465	0.00043116	0.00043715	0.00044268
11.76470588	0.00000028	0.00007702	0.00013535	0.00018120	0.00021819	0.00024865	0.00027417	0.00029587	0.00031455	0.00033079	0.00034504	0.00035765	0.00036888	0.00037895	0.00038803	0.00039626	0.00040376	0.00041061	0.00041690	0.00042269	0.00042804
11.86274510	0.00000026	0.00007446	0.00013087	0.00017521	0.00021097	0.00024043	0.00026511	0.00028609	0.00030415	0.00031985	0.00033364	0.00034583	0.00035669	0.00036643	0.00037521	0.00038317	0.00039042	0.00039704	0.00040312	0.00040873	0.00041390
11.96078431	0.00000024	0.00007200	0.00012655	0.00016942	0.00020400	0.00023249	0.00025636	0.00027665	0.00029411	0.00030929	0.00032262	0.00033441	0.00034491	0.00035433	0.00036282	0.00037052	0.00037753	0.00038394	0.00038982	0.00039523	0.00040024
12.05882353	0.00000023	0.00006961	0.00012237	0.00016383	0.00019727	0.00022481	0.00024790	0.00026752	0.00028440	0.00029909	0.00031198	0.00032338	0.00033354	0.00034264	0.00035086	0.00035830	0.00036507	0.00037127	0.00037696	0.00038220	0.00038704
12.15686275	0.00000021	0.00006731	0.00011833	0.00015842	0.00019076	0.00021740	0.00023972	0.00025870	0.00027503	0.00028923	0.00030169	0.00031272	0.00032254	0.00033135	0.00033929	0.00034649	0.00035304	0.00035903	0.00036453	0.00036960	0.00037428
12.25490196	0.00000020	0.00006509	0.00011443	0.00015320	0.00018448	0.00021024	0.00023182	0.00025017	0.00026597	0.00027970	0.00029175	0.00030242	0.00031192	0.00032043	0.00032811	0.00033508	0.00034141	0.00034721	0.00035253	0.00035743	0.00036195
12.35294118	0.00000018	0.00006294	0.00011065	0.00014815	0.00017840	0.00020332	0.00022419	0.00024194	0.00025721	0.00027049	0.00028215	0.00029246	0.00030165	0.00030989	0.00031732	0.00032405	0.00033018	0.00033578	0.00034092	0.00034566	0.00035004
12.45098039	0.00000017	0.00006087	0.00010701	0.00014328	0.00017253	0.00019663	0.00021682	0.00023398	0.00024875	0.00026160	0.00027287	0.00028284	0.00029173	0.00029970	0.00030688	0.00031339	0.00031932	0.00032474	0.00032971	0.00033430	0.00033853
12.54901961	0.00000016	0.00005886	0.00010349	0.00013857	0.00016686	0.00019016	0.00020969	0.00022629	0.00024058	0.00025300	0.00026390	0.00027355	0.00028214	0.00028985	0.00029680	0.00030309	0.00030883	0.00031407	0.00031888	0.00032331	0.00032740
12.64705882	0.00000015	0.00005692	0.00010009	0.00013401	0.00016138	0.00018392	0.00020280	0.00021886	0.00023268	0.00024469	0.00025524	0.00026457	0.00027288	0.00028033	0.00028705	0.00029314	0.00029868	0.00030375	0.00030841	0.00031269	0.00031665
12.74509804	0.00000014	0.00005505	0.00009680	0.00012961	0.00015608	0.00017788	0.00019615	0.00021168	0.00022504	0.00023666	0.00024686	0.00025588	0.00026392	0.00027113	0.00027763	0.00028352	0.00028888	0.00029379	0.00029829	0.00030243	0.00030626
12.84313725	0.00000013	0.00005324	0.00009362	0.00012536	0.00015096	0.00017204	0.00018971	0.00020473	0.00021766	0.00022890	0.00023877	0.00024749	0.00025527	0.00026224	0.00026853	0.00027422	0.00027941	0.00028415	0.00028851	0.00029252	0.00029622
12.94117647	0.00000012	0.00005149	0.00009055	0.00012125	0.00014601	0.00016641	0.00018350	0.00019802	0.00021053	0.00022140	0.00023094	0.00023938	0.00024690	0.00025365	0.00025973	0.00026524	0.00027026	0.00027484	0.00027905	0.00028293	0.00028652
13.03921569	0.00000011	0.00004980	0.00008759	0.00011728	0.00014123	0.00016096	0.00017749	0.00019154	0.00020363	0.00021415	0.00022338	0.00023154	0.00023882	0.00024534	0.00025122	0.00025655	0.00026141	0.00026584	0.00026992	0.00027367	0.00027714
13.13725490	0.00000010	0.00004817	0.00008472	0.00011344	0.00013661	0.00015569	0.00017168	0.00018527	0.00019697	0.00020714	0.00021607	0.00022397	0.00023101	0.00023731	0.00024300	0.00024816	0.00025285	0.00025715	0.00026109	0.00026471	0.00026807
13.23529412	0.00000010	0.00004659	0.00008194	0.00010973	0.00013214	0.00015060	0.00016606	0.00017921	0.00019053	0.00020037	0.00020900	0.00021664	0.00022345	0.00022955	0.00023506	0.00024005	0.00024459	0.00024874	0.00025255	0.00025606	0.00025930
13.33333333	0.00000009	0.00004507	0.00007926	0.00010614	0.00012782	0.00014567	0.00016064	0.00017336	0.00018430	0.00019382	0.00020217	0.00020957	0.00021615	0.00022205	0.00022738	0.00023220	0.00023660	0.00024061	0.00024430	0.00024769	0.00025083
13.43137255	0.00000008	0.00004359	0.00007667	0.00010267	0.00012364	0.00014092	0.00015539	0.00016769	0.00017828	0.00018749	0.00019557	0.00020272	0.00020909	0.00021480	0.00021995	0.00022462	0.00022887	0.00023276	0.00023632	0.00023961	0.00024264
13.52941176	0.00000008	0.00004217	0.00007417	0.00009932	0.00011961	0.00013632	0.00015032	0.00016222	0.00017247	0.00018137	0.00018919	0.00019611	0.00020227	0.00020779	0.00021278	0.00021729	0.00022140	0.00022516	0.00022861	0.00023179	0.00023472
13.62745098	0.00000007	0.00004079	0.00007175	0.00009608	0.00011571	0.00013187	0.00014542	0.00015693	0.00016684	0.00017546	0.00018302	0.00018971	0.00019567	0.00020102	0.00020584	0.00021021	0.00021418	0.00021782	0.00022116	0.00022423	0.00022707
13.72549020	0.00000007	0.00003946	0.00006941	0.00009295	0.00011193	0.00012757	0.00014068	0.00015182	0.00016140	0.00016974	0.00017706	0.00018353	0.00018930	0.00019447	0.00019913	0.00020336	0.00020720	0.00021072	0.00021395	0.00021692	0.00021967
13.82352941	0.00000006	0.00003817	0.00006715	0.00008992	0.00010829	0.00012342	0.00013610	0.00014687	0.00015615	0.00016421	0.00017129	0.00017755	0.00018313	0.00018813	0.00019265	0.00019673	0.00020046	0.00020386	0.00020698	0.00020986	0.00021252
13.92156863	0.00000006	0.00003693	0.00006496	0.00008699	0.00010476	0.00011940	0.00013167	0.00014209	0.00015106	0.00015887	0.00016572	0.00017177	0.00017717	0.00018201	0.00018638	0.00019033	0.00019393	0.00019722	0.00020025	0.00020303	0.00020560
14.01960784	0.00000006	0.00003573	0.00006285	0.00008416	0.00010135	0.00011552	0.00012738	0.00013747	0.00014615	0.00015370	0.00016033	0.00016619	0.00017141	0.00017609	0.00018031	0.00018414	0.00018762	0.00019081	0.00019373	0.00019643	0.00019892
14.11764706	0.00000005	0.00003456	0.00006080	0.00008143	0.00009806	0.00011176	0.00012324	0.00013300	0.00014140	0.00014870	0.00015512	0.00016079	0.00016584	0.00017037	0.00017445	0.00017816	0.00018153	0.00018461	0.00018744	0.00019004	0.00019245
14.21568627	0.00000005	0.00003344	0.00005883	0.00007878	0.00009487	0.00010813	0.00011924	0.00012868	0.00013681	0.00014387	0.00015008	0.00015556	0.00016045	0.00016484	0.00016879	0.00017237	0.00017563	0.00017861	0.00018135	0.00018387	0.00018620
14.31372549	0.00000005	0.00003235	0.00005692	0.00007622	0.00009179	0.00010462	0.00011537	0.00012450	0.00013237	0.00013920	0.00014520	0.00015051	0.00015524	0.00015948	0.00016331	0.00016677	0.00016993	0.00017281	0.00017546	0.00017790	0.00018015
14.41176471	0.00000004	0.00003130	0.00005507	0.00007375	0.00008881	0.00010122	0.00011162	0.00012046	0.00012807	0.00013469	0.00014049	0.00014563	0.00015021	0.00015431	0.00015801	0.00016136	0.00016442	0.00016721	0.00016977	0.00017213	0.00017431
14.50980392	0.00000004	0.00003029	0.00005328	0.00007136	0.00008593	0.00009794	0.00010800	0.00011656	0.00012392	0.00013032	0.00013594	0.00014091	0.00014534	0.00014931	0.00015289	0.00015613	0.00015909	0.00016179	0.00016427	0.00016655	0.00016866
14.60784314	0.00000004	0.00002930	0.00005156	0.00006904	0.00008315	0.00009477	0.00010450	0.00011278	0.00011990	0.00012610	0.00013153	0.00013634	0.00014063	0.00014447	0.00014793	0.00015107	0.00015393	0.00015654	0.00015894	0.00016115	0.00016319
14.70588235	0.00000003	0.00002835	0.00004989	0.00006681	0.00008046	0.00009170	0.00010112	0.00010913	0.00011602	0.00012201	0.00012727	0.00013193	0.00013607	0.00013979	0.00014314	0.00014618	0.00014895	0.00015148	0.00015380	0.00015593	0.00015791
14.80392157	0.00000003	0.00002744	0.00004827	0.00006464	0.00007785	0.00008873	0.00009785	0.00010560	0.00011227	0.00011807	0.00012316	0.00012766	0.00013167	0.00013527	0.00013851	0.00014145	0.00014413	0.00014657	0.00014882	0.00015089	0.00015280
14.90196078	0.00000003	0.00002655	0.00004671	0.00006255	0.00007533	0.00008586	0.00009468	0.00010218	0.00010863	0.00011425	0.00011917	0.00012353	0.00012741	0.00013089	0.00013403	0.00013687	0.00013946	0.00014183	0.00014401	0.00014601	0.00014786
15.00000000	0.00000003	0.00002569	0.00004520	0.00006053	0.00007290	0.00008309	0.00009162	0.00009888	0.00010512	0.00011055	0.00011532	0.00011954	0.00012329	0.00012666	0.00012970	0.00013245	0.00013496	0.00013725	0.00013935	0.00014129	0.00014308
15.09803922	0.00000003	0.00002486	0.00004374	0.00005857	0.00007054	0.00008040	0.00008866	0.00009568	0.00010173	0.00010698	0.00011159	0.00011567	0.00011931	0.00012257	0.00012551	0.00012817	0.00013060	0.00013281	0.00013485	0.00013672	0.00013846
15.19607843	0.00000002	0.00002406	0.00004232	0.00005668	0.00006826	0.00007780	0.00008580	0.00009259	0.00009844	0.00010353	0.00010799	0.00011194	0.00011546	0.00011861	0.00012146	0.00012403	0.00012638	0.00012853	0.00013050	0.00013231	0.00013399
15.29411765	0.00000002	0.00002328	0.00004096	0.00005485	0.00006606	0.00007529	0.00008303	0.00008961	0.00009526	0.00010019	0.00010451	0.00010833	0.00011173	0.00011478	0.00011754	0.00012003	0.00012230	0.00012438	0.00012628	0.00012804	0.00012966
15.39215686	0.00000002	0.00002253	0.00003964	0.00005308	0.00006393	0.00007286	0.00008035	0.00008672	0.00009219	0.00009696	0.00010114	0.00010483	0.00010813	0.00011108	0.00011375	0.00011616	0.00011836	0.00012037	0.00012221	0.00012391	0.00012548
15.49019608	0.00000002	0.00002180	0.00003836	0.00005137	0.00006187	0.00007052	0.00007776	0.00008392	0.00008922	0.00009383	0.00009788	0.00010145	0.00010464	0.00010750	0.00011008	0.00011242	0.00011454	0.00011649	0.00011827	0.00011992	0.00012144
15.58823529	0.00000002	0.00002110	0.00003712	0.00004972	0.00005988	0.00006824	0.00007526	0.00008122	0.00008635	0.00009081	0.00009472	0.00009819	0.00010127	0.00010404	0.00010653	0.00010879	0.00011085	0.00011274	0.00011446	0.00011605	0.00011752
15.68627451	0.00000002	0.00002042	0.00003593	0.00004812	0.00005795	0.00006605	0.00007283	0.00007860	0.00008357	0.00008788	0.00009167	0.00009502	0.00009801	0.00010069	0.00010310	0.00010529	0.00010728	0.00010911	0.00011078	0.00011232	0.00011374
15.78431373	0.00000002	0.00001976	0.00003477	0.00004657	0.00005608	0.00006392	0.00007049	0.00007607	0.00008088	0.00008506	0.00008872	0.00009197	0.00009486	0.00009745	0.00009979	0.00010190	0.00010383	0.00010559	0.00010721	0.00010870	0.00011008
15.88235294	0.00000002	0.00001912	0.00003365	0.00004507	0.00005428	0.00006187	0.00006822	0.00007363	0.00007828	0.00008232	0.00008587	0.00008901	0.00009181	0.00009431	0.00009658	0.00009863	0.00010049	0.00010220	0.00010376	0.00010521	0.00010654
15.98039216	0.00000001	0.00001851	0.00003257	0.00004362	0.00005253	0.00005988	0.00006603	0.00007126	0.00007576	0.00007967	0.00008311	0.00008615	0.00008886	0.00009128	0.00009347	0.00009546	0.00009726	0.00009891	0.00010043	0.00010183	0.00010312
16.07843137	0.00000001	0.00001791	0.00003152	0.00004222	0.00005085	0.00005795	0.00006391	0.00006897	0.00007333	0.00007711	0.00008044	0.00008338	0.00008600	0.00008835	0.00009047	0.00009239	0.00009414	0.00009574	0.00009720	0.00009855	0.00009980
16.17647059	0.00000001	0.00001734	0.00003051	0.00004086	0.00004921	0.00005609	0.00006186	0.00006675	0.00007097	0.00007464	0.00007786	0.00008070	0.00008324	0.00008551	0.00008756	0.00008942	0.00009111	0.00009266	0.00009408	0.00009539	0.00009660
16.27450980	0.00000001	0.00001678	0.00002953	0.00003955	0.00004763	0.00005429	0.00005987	0.00006461	0.00006869	0.00007224	0.00007536	0.00007811	0.00008057	0.00008277	0.00008475	0.00008655	0.00008819	0.00008969	0.00009106	0.00009233	0.00009350
16.37254902	0.00000001	0.00001624	0.00002858	0.00003828	0.00004611	0.00005255	0.00005795	0.00006254	0.00006649	0.00006992	0.00007294	0.00007561	0.00007798	0.00008011	0.00008204	0.00008378	0.00008536	0.00008681	0.00008814	0.00008937	0.00009050
16.47058824	0.00000001	0.00001572	0.00002767	0.00003706	0.00004463	0.00005086	0.00005609	0.00006053	0.00006436	0.00006768	0.00007060	0.00007318	0.00007548	0.00007755	0.00007940	0.00008109	0.00008262	0.00008403	0.00008532	0.00008650	0.00008760
16.56862745	0.00000001	0.00001522	0.00002678	0.00003587	0.00004320	0.00004923	0.00005429	0.00005859	0.00006230	0.00006551	0.00006834	0.00007084	0.00007306	0.00007506	0.00007686	0.00007849	0.00007998	0.00008134	0.00008258	0.00008373	0.00008479
16.66666667	0.00000001	0.00001473	0.00002592	0.00003472	0.00004181	0.00004766	0.00005255	0.00005672	0.00006030	0.00006342	0.00006615	0.00006857	0.00007072	0.00007266	0.00007440	0.00007598	0.00007742	0.00007873	0.00007994	0.00008105	0.00008208
16.76470588	0.00000001	0.00001426	0.00002509	0.00003361	0.00004048	0.00004613	0.00005087	0.00005490	0.00005837	0.00006139	0.00006403	0.00006637	0.00006846	0.00007033	0.00007202	0.00007355	0.00007494	0.00007621	0.00007738	0.00007845	0.00007945
16.86274510	0.00000001	0.00001380	0.00002429	0.00003253	0.00003918	0.00004466	0.00004924	0.00005315	0.00005650	0.00005942	0.00006198	0.00006425	0.00006627	0.00006808	0.00006971	0.00007119	0.00007254	0.00007377	0.00007490	0.00007594	0.00007691
16.96078431	0.00000001	0.00001336	0.00002351	0.00003149	0.00003793	0.00004323	0.00004767	0.00005145	0.00005470	0.00005752	0.00006000	0.00006220	0.00006415	0.00006590	0.00006748	0.00006892	0.00007022	0.00007141	0.00007251	0.00007351	0.00007445
17.05882353	0.00000001	0.00001293	0.00002276	0.00003048	0.00003671	0.00004185	0.00004615	0.00004980	0.00005295	0.00005568	0.00005808	0.00006021	0.00006210	0.00006380	0.00006533	0.00006671	0.00006798	0.00006913	0.00007019	0.00007117	0.00007207
17.15686275	0.00000001	0.00001252	0.00002203	0.00002951	0.00003554	0.00004051	0.00004467	0.00004821	0.00005126	0.00005390	0.00005623	0.00005828	0.00006012	0.00006176	0.00006324	0.00006458	0.00006580	0.00006692	0.00006795	0.00006889	0.00006976
17.25490196	0.00000001	0.00001212	0.00002133	0.00002857	0.00003441	0.00003922	0.00004325	0.00004667	0.00004962	0.00005218	0.00005443	0.00005642	0.00005820	0.00005979	0.00006122	0.00006252	0.00006370	0.00006478	0.00006578	0.00006669	0.00006754
17.35294118	0.00000001	0.00001173	0.00002065	0.00002766	0.00003331	0.00003796	0.00004186	0.00004518	0.00004804	0.00005052	0.00005270	0.00005462	0.00005634	0.00005788	0.00005927	0.00006052	0.00006167	0.00006272	0.00006368	0.00006456	0.00006538
17.45098039	0.00000001	0.00001136	0.00001999	0.00002677	0.00003225	0.00003675	0.00004053	0.00004374	0.00004650	0.00004891	0.00005101	0.00005288	0.00005454	0.00005603	0.00005738	0.00005859	0.00005970	0.00006072	0.00006165	0.00006250	0.00006330
17.54901961	0.00000001	0.00001100	0.00001935	0.00002592	0.00003122	0.00003558	0.00003924	0.00004234	0.00004502	0.00004735	0.00004939	0.00005119	0.00005280	0.00005425	0.00005555	0.00005672	0.00005780	0.00005878	0.00005968	0.00006051	0.00006128
17.64705882	0.00000000	0.00001065	0.00001874	0.00002509	0.00003022	0.00003445	0.00003799	0.00004100	0.00004358	0.00004584	0.00004781	0.00004956	0.00005112	0.00005252	0.00005378	0.00005492	0.00005596	0.00005691	0.00005778	0.00005858	0.00005932
17.74509804	0.00000000	0.00001031	0.00001814	0.00002429	0.00002926	0.00003335	0.00003678	0.00003969	0.00004220	0.00004438	0.00004629	0.00004798	0.00004949	0.00005084	0.00005206	0.00005317	0.00005417	0.00005509	0.00005594	0.00005672	0.00005743
17.84313725	0.00000000	0.00000998	0.00001756	0.00002352	0.00002833	0.00003229	0.00003560	0.00003843	0.00004085	0.00004296	0.00004482	0.00004645	0.00004791	0.00004922	0.00005040	0.00005147	0.00005245	0.00005334	0.00005416	0.00005491	0.00005561
17.94117647	0.00000000	0.00000966	0.00001700	0.00002277	0.00002743	0.00003126	0.00003447	0.00003720	0.00003955	0.00004160	0.00004339	0.00004498	0.00004639	0.00004766	0.00004880	0.00004984	0.00005078	0.00005164	0.00005243	0.00005316	0.00005384
18.03921569	0.00000000	0.00000935	0.00001646	0.00002205	0.00002655	0.00003026	0.00003337	0.00003602	0.00003829	0.00004027	0.00004201	0.00004355	0.00004491	0.00004614	0.00004725	0.00004825	0.00004916	0.00005000	0.00005076	0.00005147	0.00005212
18.13725490	0.00000000	0.00000906	0.00001594	0.00002135	0.00002571	0.00002930	0.00003231	0.00003487	0.00003708	0.00003899	0.00004067	0.00004216	0.00004349	0.00004467	0.00004575	0.00004672	0.00004760	0.00004841	0.00004915	0.00004983	0.00005047
18.23529412	0.00000000	0.00000877	0.00001543	0.00002067	0.00002489	0.00002837	0.00003129	0.00003376	0.00003590	0.00003775	0.00003938	0.00004082	0.00004210	0.00004325	0.00004429	0.00004523	0.00004609	0.00004687	0.00004759	0.00004825	0.00004886
18.33333333	0.00000000	0.00000849	0.00001494	0.00002001	0.00002410	0.00002747	0.00003029	0.00003269	0.00003476	0.00003655	0.00003813	0.00003952	0.00004077	0.00004188	0.00004288	0.00004379	0.00004462	0.00004538	0.00004608	0.00004672	0.00004731
18.43137255	0.00000000	0.00000822	0.00001447	0.00001938	0.00002334	0.00002660	0.00002933	0.00003165	0.00003365	0.00003539	0.00003692	0.00003827	0.00003947	0.00004055	0.00004152	0.00004240	0.00004321	0.00004394	0.00004461	0.00004523	0.00004581
18.52941176	0.00000000	0.00000796	0.00001401	0.00001876	0.00002259	0.00002575	0.00002840	0.00003065	0.00003259	0.00003427	0.00003575	0.00003705	0.00003822	0.00003926	0.00004020	0.00004106	0.00004183	0.00004255	0.00004320	0.00004380	0.00004435
18.62745098	0.00000000	0.00000771	0.00001356	0.00001817	0.00002188	0.00002494	0.00002750	0.00002968	0.00003155	0.00003318	0.00003461	0.00003588	0.00003701	0.00003802	0.00003893	0.00003976	0.00004051	0.00004120	0.00004183	0.00004241	0.00004295
18.72549020	0.00000000	0.00000746	0.00001313	0.00001759	0.00002118	0.00002414	0.00002663	0.00002874	0.00003055	0.00003213	0.00003351	0.00003474	0.00003583	0.00003681	0.00003769	0.00003849	0.00003922	0.00003989	0.00004050	0.00004106	0.00004158
18.82352941	0.00000000	0.00000722	0.00001272	0.00001703	0.00002051	0.00002338	0.00002578	0.00002782	0.00002958	0.00003111	0.00003245	0.00003364	0.00003470	0.00003564	0.00003650	0.00003727	0.00003798	0.00003862	0.00003922	0.00003976	0.00004027
18.92156863	0.00000000	0.00000700	0.00001231	0.00001649	0.00001986	0.00002264	0.00002497	0.00002694	0.00002864	0.00003012	0.00003142	0.00003257	0.00003360	0.00003451	0.00003534	0.00003609	0.00003678	0.00003740	0.00003797	0.00003850	0.00003899
19.01960784	0.00000000	0.00000677	0.00001192	0.00001597	0.00001923	0.00002192	0.00002417	0.00002609	0.00002774	0.00002917	0.00003043	0.00003154	0.00003253	0.00003342	0.00003422	0.00003495	0.00003561	0.00003622	0.00003677	0.00003728	0.00003775
19.11764706	0.00000000	0.00000656	0.00001155	0.00001546	0.00001862	0.00002123	0.00002341	0.00002526	0.00002686	0.00002825	0.00002947	0.00003054	0.00003150	0.00003236	0.00003314	0.00003384	0.00003448	0.00003507	0.00003561	0.00003610	0.00003656
19.21568627	0.00000000	0.00000635	0.00001118	0.00001497	0.00001803	0.00002056	0.00002267	0.00002446	0.00002601	0.00002735	0.00002853	0.00002958	0.00003051	0.00003134	0.00003209	0.00003277	0.00003339	0.00003396	0.00003448	0.00003496	0.00003540
19.31372549	0.00000000	0.00000615	0.00001083	0.00001450	0.00001746	0.00001991	0.00002195	0.00002369	0.00002519	0.00002649	0.00002763	0.00002864	0.00002954	0.00003035	0.00003108	0.00003174	0.00003234	0.00003288	0.00003339	0.00003385	0.00003428
19.41176471	0.00000000	0.00000596	0.00001048	0.00001404	0.00001691	0.00001928	0.00002126	0.00002294	0.00002439	0.00002565	0.00002676	0.00002773	0.00002861	0.00002939	0.00003009	0.00003073	0.00003131	0.00003185	0.00003233	0.00003278	0.00003320
19.50980392	0.00000000	0.00000577	0.00001015	0.00001360	0.00001638	0.00001867	0.00002058	0.00002222	0.00002362	0.00002484	0.00002591	0.00002686	0.00002770	0.00002846	0.00002914	0.00002976	0.00003032	0.00003084	0.00003131	0.00003175	0.00003215
19.60784314	0.00000000	0.00000559	0.00000983	0.00001317	0.00001586	0.00001808	0.00001993	0.00002151	0.00002287	0.00002405	0.00002509	0.00002601	0.00002683	0.00002756	0.00002822	0.00002882	0.00002937	0.00002986	0.00003032	0.00003074	0.00003113
19.70588235	0.00000000	0.00000541	0.00000952	0.00001275	0.00001536	0.00001751	0.00001930	0.00002083	0.00002215	0.00002329	0.00002430	0.00002519	0.00002598	0.00002669	0.00002733	0.00002791	0.00002844	0.00002892	0.00002936	0.00002977	0.00003015
19.80392157	0.00000000	0.00000524	0.00000922	0.00001235	0.00001487	0.00001695	0.00001870	0.00002018	0.00002145	0.00002256	0.00002353	0.00002439	0.00002516	0.00002585	0.00002647	0.00002703	0.00002754	0.00002801	0.00002844	0.00002883	0.00002920
19.90196078	0.00000000	0.00000507	0.00000893	0.00001196	0.00001440	0.00001642	0.00001811	0.00001954	0.00002077	0.00002185	0.00002279	0.00002362	0.00002437	0.00002503	0.00002563	0.00002618	0.00002667	0.00002712	0.00002754	0.00002792	0.00002828
20.00000000	0.00000000	0.00000491	0.00000865	0.00001158	0.00001395	0.00001590	0.00001753	0.00001892	0.00002012	0.00002116	0.00002207	0.00002288	0.00002360	0.00002424	0.00002482	0.00002535	0.00002583	0.00002627	0.00002667	0.00002704	0.00002738
20.09803922	0.00000000	0.00000476	0.00000837	0.00001122	0.00001351	0.00001540	0.00001698	0.00001833	0.00001948	0.00002049	0.00002137	0.00002216	0.00002285	0.00002348	0.00002404	0.00002455	0.00002502	0.00002544	0.00002583	0.00002619	0.00002652
20.19607843	0.00000000	0.00000461	0.00000811	0.00001086	0.00001308	0.00001491	0.00001645	0.00001775	0.00001887	0.00001985	0.00002070	0.00002146	0.00002213	0.00002274	0.00002328	0.00002378	0.00002423	0.00002464	0.00002502	0.00002536	0.00002568
20.29411765	0.00000000	0.00000446	0.00000786	0.00001052	0.00001267	0.00001444	0.00001593	0.00001719	0.00001828	0.00001922	0.00002005	0.00002078	0.00002144	0.00002202	0.00002255	0.00002303	0.00002346	0.00002386	0.00002423	0.00002456	0.00002488
20.39215686	0.00000000	0.00000432	0.00000761	0.00001019	0.00001227	0.00001399	0.00001543	0.00001665	0.00001770	0.00001861	0.00001942	0.00002013	0.00002076	0.00002133	0.00002184	0.00002230	0.00002272	0.00002311	0.00002346	0.00002379	0.00002409
20.49019608	0.00000000	0.00000419	0.00000737	0.00000987	0.00001189	0.00001355	0.00001494	0.00001612	0.00001714	0.00001803	0.00001881	0.00001949	0.00002011	0.00002066	0.00002115	0.00002160	0.00002201	0.00002238	0.00002273	0.00002304	0.00002333
20.58823529	0.00000000	0.00000405	0.00000714	0.00000956	0.00001151	0.00001312	0.00001447	0.00001562	0.00001660	0.00001746	0.00001821	0.00001888	0.00001947	0.00002001	0.00002049	0.00002092	0.00002132	0.00002168	0.00002201	0.00002232	0.00002260
20.68627451	0.00000000	0.00000393	0.00000691	0.00000926	0.00001115	0.00001271	0.00001402	0.00001513	0.00001608	0.00001691	0.00001764	0.00001829	0.00001886	0.00001938	0.00001984	0.00002026	0.00002065	0.00002100	0.00002132	0.00002161	0.00002189
20.78431373	0.00000000	0.00000380	0.00000669	0.00000897	0.00001080	0.00001231	0.00001357	0.00001465	0.00001558	0.00001638	0.00001709	0.00001771	0.00001827	0.00001877	0.00001922	0.00001962	0.00002000	0.00002034	0.00002065	0.00002093	0.00002120
20.88235294	0.00000000	0.00000368	0.00000648	0.00000868	0.00001046	0.00001192	0.00001315	0.00001419	0.00001509	0.00001586	0.00001655	0.00001715	0.00001769	0.00001818	0.00001861	0.00001901	0.00001937	0.00001970	0.00002000	0.00002028	0.00002053
20.98039216	0.00000000	0.00000357	0.00000628	0.00000841	0.00001013	0.00001155	0.00001273	0.00001374	0.00001461	0.00001537	0.00001603	0.00001662	0.00001714	0.00001761	0.00001803	0.00001841	0.00001876	0.00001908	0.00001937	0.00001964	0.00001989
21.07843137	0.00000000	0.00000346	0.00000608	0.00000815	0.00000981	0.00001118	0.00001233	0.00001331	0.00001415	0.00001488	0.00001553	0.00001609	0.00001660	0.00001705	0.00001746	0.00001783	0.00001817	0.00001848	0.00001876	0.00001902	0.00001926
21.17647059	0.00000000	0.00000335	0.00000589	0.00000789	0.00000950	0.00001083	0.00001195	0.00001289	0.00001371	0.00001442	0.00001504	0.00001559	0.00001608	0.00001652	0.00001691	0.00001727	0.00001760	0.00001790	0.00001817	0.00001843	0.00001866
21.27450980	0.00000000	0.00000324	0.00000571	0.00000764	0.00000921	0.00001049	0.00001157	0.00001249	0.00001328	0.00001396	0.00001457	0.00001510	0.00001557	0.00001600	0.00001638	0.00001673	0.00001705	0.00001734	0.00001760	0.00001785	0.00001807
21.37254902	0.00000000	0.00000314	0.00000553	0.00000740	0.00000892	0.00001016	0.00001121	0.00001210	0.00001286	0.00001353	0.00001411	0.00001462	0.00001508	0.00001550	0.00001587	0.00001621	0.00001651	0.00001679	0.00001705	0.00001729	0.00001751
21.47058824	0.00000000	0.00000304	0.00000535	0.00000717	0.00000864	0.00000985	0.00001086	0.00001172	0.00001246	0.00001310	0.00001367	0.00001417	0.00001461	0.00001501	0.00001537	0.00001570	0.00001599	0.00001627	0.00001651	0.00001674	0.00001696
21.56862745	0.00000000	0.00000295	0.00000519	0.00000695	0.00000837	0.00000954	0.00001052	0.00001135	0.00001207	0.00001269	0.00001324	0.00001372	0.00001415	0.00001454	0.00001489	0.00001520	0.00001549	0.00001576	0.00001600	0.00001622	0.00001642
21.66666667	0.00000000	0.00000285	0.00000502	0.00000673	0.00000810	0.00000924	0.00001019	0.00001099	0.00001169	0.00001229	0.00001282	0.00001329	0.00001371	0.00001408	0.00001442	0.00001473	0.00001501	0.00001526	0.00001550	0.00001571	0.00001591
21.76470588	0.00000000	0.00000276	0.00000487	0.00000652	0.00000785	0.00000895	0.00000987	0.00001065	0.00001132	0.00001191	0.00001242	0.00001288	0.00001328	0.00001364	0.00001397	0.00001427	0.00001454	0.00001478	0.00001501	0.00001522	0.00001541
21.86274510	0.00000000	0.00000268	0.00000471	0.00000631	0.00000760	0.00000867	0.00000956	0.00001032	0.00001097	0.00001153	0.00001203	0.00001247	0.00001286	0.00001322	0.00001353	0.00001382	0.00001408	0.00001432	0.00001454	0.00001474	0.00001493
21.96078431	0.00000000	0.00000259	0.00000457	0.00000612	0.00000737	0.00000840	0.00000926	0.00000999	0.00001062	0.00001117	0.00001166	0.00001208	0.00001246	0.00001280	0.00001311	0.00001339	0.00001364	0.00001387	0.00001408	0.00001428	0.00001446
22.05882353	0.00000000	0.00000251	0.00000442	0.00000593	0.00000714	0.00000813	0.00000897	0.00000968	0.00001029	0.00001082	0.00001129	0.00001170	0.00001207	0.00001240	0.00001270	0.00001297	0.00001321	0.00001344	0.00001364	0.00001383	0.00001401
22.15686275	0.00000000	0.00000243	0.00000429	0.00000574	0.00000691	0.00000788	0.00000869	0.00000938	0.00000997	0.00001048	0.00001094	0.00001134	0.00001169	0.00001201	0.00001230	0.00001256	0.00001280	0.00001302	0.00001322	0.00001340	0.00001357
22.25490196	0.00000000	0.00000236	0.00000415	0.00000556	0.00000670	0.00000763	0.00000842	0.00000908	0.00000966	0.00001016	0.00001059	0.00001098	0.00001133	0.00001164	0.00001192	0.00001217	0.00001240	0.00001261	0.00001280	0.00001298	0.00001315
22.35294118	0.00000000	0.00000228	0.00000402	0.00000539	0.00000649	0.00000739	0.00000815	0.00000880	0.00000936	0.00000984	0.00001026	0.00001064	0.00001097	0.00001127	0.00001154	0.00001179	0.00001201	0.00001222	0.00001240	0.00001258	0.00001273
22.45098039	0.00000000	0.00000221	0.00000390	0.00000522	0.00000628	0.00000716	0.00000790	0.00000852	0.00000906	0.00000953	0.00000994	0.00001031	0.00001063	0.00001092	0.00001118	0.00001142	0.00001164	0.00001183	0.00001202	0.00001218	0.00001234
22.54901961	0.00000000	0.00000214	0.00000377	0.00000505	0.00000609	0.00000694	0.00000765	0.00000826	0.00000878	0.00000923	0.00000963	0.00000998	0.00001030	0.00001058	0.00001083	0.00001106	0.00001127	0.00001146	0.00001164	0.00001180	0.00001195
22.64705882	0.00000000	0.00000208	0.00000366	0.00000490	0.00000590	0.00000672	0.00000741	0.00000800	0.00000851	0.00000895	0.00000933	0.00000967	0.00000998	0.00001025	0.00001049	0.00001072	0.00001092	0.00001111	0.00001128	0.00001143	0.00001158
22.74509804	0.00000000	0.00000201	0.00000354	0.00000474	0.00000571	0.00000651	0.00000718	0.00000775	0.00000824	0.00000867	0.00000904	0.00000937	0.00000966	0.00000993	0.00001017	0.00001038	0.00001058	0.00001076	0.00001092	0.00001108	0.00001122
22.84313725	0.00000000	0.00000195	0.00000343	0.00000460	0.00000554	0.00000631	0.00000696	0.00000751	0.00000798	0.00000840	0.00000876	0.00000908	0.00000936	0.00000962	0.00000985	0.00001006	0.00001025	0.00001042	0.00001058	0.00001073	0.00001087
22.94117647	0.00000000	0.00000189	0.00000332	0.00000445	0.00000536	0.00000611	0.00000674	0.00000727	0.00000773	0.00000813	0.00000848	0.00000879	0.00000907	0.00000932	0.00000954	0.00000974	0.00000993	0.00001010	0.00001025	0.00001040	0.00001053
23.03921569	0.00000000	0.00000183	0.00000322	0.00000431	0.00000520	0.00000592	0.00000653	0.00000705	0.00000749	0.00000788	0.00000822	0.00000852	0.00000879	0.00000903	0.00000924	0.00000944	0.00000962	0.00000978	0.00000993	0.00001007	0.00001020
23.13725490	0.00000000	0.00000177	0.00000312	0.00000418	0.00000503	0.00000574	0.00000633	0.00000683	0.00000726	0.00000763	0.00000796	0.00000825	0.00000851	0.00000875	0.00000896	0.00000915	0.00000932	0.00000948	0.00000962	0.00000976	0.00000988
23.23529412	0.00000000	0.00000172	0.00000302	0.00000405	0.00000488	0.00000556	0.00000613	0.00000661	0.00000703	0.00000740	0.00000771	0.00000800	0.00000825	0.00000847	0.00000868	0.00000886	0.00000903	0.00000918	0.00000932	0.00000945	0.00000957
23.33333333	0.00000000	0.00000166	0.00000293	0.00000392	0.00000472	0.00000538	0.00000594	0.00000641	0.00000681	0.00000717	0.00000747	0.00000775	0.00000799	0.00000821	0.00000841	0.00000859	0.00000875	0.00000890	0.00000903	0.00000916	0.00000927
23.43137255	0.00000000	0.00000161	0.00000284	0.00000380	0.00000458	0.00000522	0.00000575	0.00000621	0.00000660	0.00000694	0.00000724	0.00000751	0.00000774	0.00000795	0.00000814	0.00000832	0.00000847	0.00000862	0.00000875	0.00000887	0.00000899
23.52941176	0.00000000	0.00000156	0.00000275	0.00000368	0.00000443	0.00000505	0.00000557	0.00000602	0.00000640	0.00000673	0.00000702	0.00000727	0.00000750	0.00000771	0.00000789	0.00000806	0.00000821	0.00000835	0.00000848	0.00000860	0.00000871
23.62745098	0.00000000	0.00000151	0.00000266	0.00000357	0.00000430	0.00000490	0.00000540	0.00000583	0.00000620	0.00000652	0.00000680	0.00000705	0.00000727	0.00000747	0.00000765	0.00000781	0.00000796	0.00000809	0.00000821	0.00000833	0.00000843
23.72549020	0.00000000	0.00000147	0.00000258	0.00000346	0.00000416	0.00000474	0.00000523	0.00000565	0.00000600	0.00000631	0.00000659	0.00000683	0.00000704	0.00000723	0.00000741	0.00000756	0.00000771	0.00000784	0.00000796	0.00000807	0.00000817
23.82352941	0.00000000	0.00000142	0.00000250	0.00000335	0.00000403	0.00000460	0.00000507	0.00000547	0.00000582	0.00000612	0.00000638	0.00000661	0.00000682	0.00000701	0.00000718	0.00000733	0.00000747	0.00000759	0.00000771	0.00000782	0.00000792
23.92156863	0.00000000	0.00000138	0.00000242	0.00000324	0.00000391	0.00000445	0.00000491	0.00000530	0.00000564	0.00000593	0.00000618	0.00000641	0.00000661	0.00000679	0.00000695	0.00000710	0.00000724	0.00000736	0.00000747	0.00000757	0.00000767
24.01960784	0.00000000	0.00000133	0.00000235	0.00000314	0.00000379	0.00000432	0.00000476	0.00000514	0.00000546	0.00000574	0.00000599	0.00000621	0.00000640	0.00000658	0.00000674	0.00000688	0.00000701	0.00000713	0.00000724	0.00000734	0.00000743
24.11764706	0.00000000	0.00000129	0.00000227	0.00000305	0.00000367	0.00000418	0.00000461	0.00000498	0.00000529	0.00000556	0.00000580	0.00000602	0.00000621	0.00000637	0.00000653	0.00000667	0.00000679	0.00000691	0.00000701	0.00000711	0.00000720
24.21568627	0.00000000	0.00000125	0.00000220	0.00000295	0.00000355	0.00000405	0.00000447	0.00000482	0.00000513	0.00000539	0.00000562	0.00000583	0.00000601	0.00000618	0.00000632	0.00000646	0.00000658	0.00000669	0.00000680	0.00000689	0.00000698
24.31372549	0.00000000	0.00000121	0.00000213	0.00000286	0.00000344	0.00000393	0.00000433	0.00000467	0.00000497	0.00000522	0.00000545	0.00000565	0.00000583	0.00000598	0.00000613	0.00000626	0.00000638	0.00000649	0.00000658	0.00000668	0.00000676
24.41176471	0.00000000	0.00000118	0.00000207	0.00000277	0.00000334	0.00000380	0.00000419	0.00000453	0.00000481	0.00000506	0.00000528	0.00000547	0.00000564	0.00000580	0.00000594	0.00000606	0.00000618	0.00000628	0.00000638	0.00000647	0.00000655
24.50980392	0.00000000	0.00000114	0.00000200	0.00000268	0.00000323	0.00000369	0.00000406	0.00000439	0.00000466	0.00000490	0.00000512	0.00000530	0.00000547	0.00000562	0.00000575	0.00000588	0.00000599	0.00000609	0.00000618	0.00000627	0.00000635
24.60784314	0.00000000	0.00000110	0.00000194	0.00000260	0.00000313	0.00000357	0.00000394	0.00000425	0.00000452	0.00000475	0.00000496	0.00000514	0.00000530	0.00000544	0.00000557	0.00000569	0.00000580	0.00000590	0.00000599	0.00000607	0.00000615
24.70588235	0.00000000	0.00000107	0.00000188	0.00000252	0.00000304	0.00000346	0.00000382	0.00000412	0.00000438	0.00000460	0.00000480	0.00000498	0.00000514	0.00000528	0.00000540	0.00000552	0.00000562	0.00000572	0.00000580	0.00000588	0.00000596
24.80392157	0.00000000	0.00000104	0.00000182	0.00000244	0.00000294	0.00000335	0.00000370	0.00000399	0.00000424	0.00000446	0.00000465	0.00000482	0.00000498	0.00000511	0.00000523	0.00000535	0.00000545	0.00000554	0.00000562	0.00000570	0.00000577
24.90196078	0.00000000	0.00000100	0.00000177	0.00000237	0.00000285	0.00000325	0.00000358	0.00000387	0.00000411	0.00000432	0.00000451	0.00000467	0.00000482	0.00000495	0.00000507	0.00000518	0.00000528	0.00000537	0.00000545	0.00000553	0.00000560
25.00000000	0.00000000	0.00000097	0.00000171	0.00000229	0.00000276	0.00000315	0.00000347	0.00000375	0.00000398	0.00000419	0.00000437	0.00000453	0.00000467	0.00000480	0.00000491	0.00000502	0.00000511	0.00000520	0.00000528	0.00000535	0.00000542
