# FRET lines for multiple WLC (unfolded) configurations
# Gaussian (folded): R_mean=35.0 Å, sigma=4.0 Å
# tau_D0=4.00 ns, R0=52.0 Å, kappa2=0.66667
#
# Lp_A	Lc_A	fraction_unfolded	E_FRET	tau_species_avg_ns
40.0	60.0	0.000000	0.909497	0.362013
40.0	60.0	0.050000	0.907776	0.368894
40.0	60.0	0.100000	0.906056	0.375775
40.0	60.0	0.150000	0.904336	0.382656
40.0	60.0	0.200000	0.902616	0.389536
40.0	60.0	0.250000	0.900896	0.396417
40.0	60.0	0.300000	0.899176	0.403298
40.0	60.0	0.350000	0.897455	0.410179
40.0	60.0	0.400000	0.895735	0.417059
40.0	60.0	0.450000	0.894015	0.423940
40.0	60.0	0.500000	0.892295	0.430821
40.0	60.0	0.550000	0.890575	0.437702
40.0	60.0	0.600000	0.888854	0.444582
40.0	60.0	0.650000	0.887134	0.451463
40.0	60.0	0.700000	0.885414	0.458344
40.0	60.0	0.750000	0.883694	0.465225
40.0	60.0	0.800000	0.881974	0.472105
40.0	60.0	0.850000	0.880253	0.478986
40.0	60.0	0.900000	0.878533	0.485867
40.0	60.0	0.950000	0.876813	0.492748
40.0	60.0	1.000000	0.875093	0.499628
40.0	80.0	0.000000	0.909497	0.362013
40.0	80.0	0.050000	0.906646	0.373416
40.0	80.0	0.100000	0.903795	0.384819
40.0	80.0	0.150000	0.900945	0.396222
40.0	80.0	0.200000	0.898094	0.407624
40.0	80.0	0.250000	0.895243	0.419027
40.0	80.0	0.300000	0.892393	0.430430
40.0	80.0	0.350000	0.889542	0.441833
40.0	80.0	0.400000	0.886691	0.453235
40.0	80.0	0.450000	0.883840	0.464638
40.0	80.0	0.500000	0.880990	0.476041
40.0	80.0	0.550000	0.878139	0.487444
40.0	80.0	0.600000	0.875288	0.498846
40.0	80.0	0.650000	0.872438	0.510249
40.0	80.0	0.700000	0.869587	0.521652
40.0	80.0	0.750000	0.866736	0.533055
40.0	80.0	0.800000	0.863886	0.544457
40.0	80.0	0.850000	0.861035	0.555860
40.0	80.0	0.900000	0.858184	0.567263
40.0	80.0	0.950000	0.855334	0.578666
40.0	80.0	1.000000	0.852483	0.590068
40.0	100.0	0.000000	0.909497	0.362013
40.0	100.0	0.050000	0.907255	0.370981
40.0	100.0	0.100000	0.905013	0.379948
40.0	100.0	0.150000	0.902771	0.388915
40.0	100.0	0.200000	0.900529	0.397883
40.0	100.0	0.250000	0.898287	0.406850
40.0	100.0	0.300000	0.896046	0.415818
40.0	100.0	0.350000	0.893804	0.424785
40.0	100.0	0.400000	0.891562	0.433752
40.0	100.0	0.450000	0.889320	0.442720
40.0	100.0	0.500000	0.887078	0.451687
40.0	100.0	0.550000	0.884836	0.460654
40.0	100.0	0.600000	0.882595	0.469622
40.0	100.0	0.650000	0.880353	0.478589
40.0	100.0	0.700000	0.878111	0.487557
40.0	100.0	0.750000	0.875869	0.496524
40.0	100.0	0.800000	0.873627	0.505491
40.0	100.0	0.850000	0.871385	0.514459
40.0	100.0	0.900000	0.869143	0.523426
40.0	100.0	0.950000	0.866902	0.532394
40.0	100.0	1.000000	0.864660	0.541361
40.0	120.0	0.000000	0.909497	0.362013
40.0	120.0	0.050000	0.907722	0.369111
40.0	120.0	0.100000	0.905948	0.376210
40.0	120.0	0.150000	0.904173	0.383308
40.0	120.0	0.200000	0.902399	0.390406
40.0	120.0	0.250000	0.900624	0.397504
40.0	120.0	0.300000	0.898850	0.404602
40.0	120.0	0.350000	0.897075	0.411700
40.0	120.0	0.400000	0.895300	0.418798
40.0	120.0	0.450000	0.893526	0.425896
40.0	120.0	0.500000	0.891751	0.432994
40.0	120.0	0.550000	0.889977	0.440092
40.0	120.0	0.600000	0.888202	0.447190
40.0	120.0	0.650000	0.886428	0.454289
40.0	120.0	0.700000	0.884653	0.461387
40.0	120.0	0.750000	0.882879	0.468485
40.0	120.0	0.800000	0.881104	0.475583
40.0	120.0	0.850000	0.879330	0.482681
40.0	120.0	0.900000	0.877555	0.489779
40.0	120.0	0.950000	0.875781	0.496877
40.0	120.0	1.000000	0.874006	0.503975
60.0	60.0	0.000000	0.909497	0.362013
60.0	60.0	0.050000	0.900079	0.399686
60.0	60.0	0.100000	0.890661	0.437358
60.0	60.0	0.150000	0.881243	0.475030
60.0	60.0	0.200000	0.871824	0.512702
60.0	60.0	0.250000	0.862406	0.550374
60.0	60.0	0.300000	0.852988	0.588047
60.0	60.0	0.350000	0.843570	0.625719
60.0	60.0	0.400000	0.834152	0.663391
60.0	60.0	0.450000	0.824734	0.701063
60.0	60.0	0.500000	0.815316	0.738735
60.0	60.0	0.550000	0.805898	0.776408
60.0	60.0	0.600000	0.796480	0.814080
60.0	60.0	0.650000	0.787062	0.851752
60.0	60.0	0.700000	0.777644	0.889424
60.0	60.0	0.750000	0.768226	0.927096
60.0	60.0	0.800000	0.758808	0.964769
60.0	60.0	0.850000	0.749390	1.002441
60.0	60.0	0.900000	0.739972	1.040113
60.0	60.0	0.950000	0.730554	1.077785
60.0	60.0	1.000000	0.721136	1.115457
60.0	80.0	0.000000	0.909497	0.362013
60.0	80.0	0.050000	0.893207	0.427172
60.0	80.0	0.100000	0.876917	0.492330
60.0	80.0	0.150000	0.860628	0.557489
60.0	80.0	0.200000	0.844338	0.622647
60.0	80.0	0.250000	0.828049	0.687805
60.0	80.0	0.300000	0.811759	0.752964
60.0	80.0	0.350000	0.795469	0.818122
60.0	80.0	0.400000	0.779180	0.883281
60.0	80.0	0.450000	0.762890	0.948439
60.0	80.0	0.500000	0.746601	1.013597
60.0	80.0	0.550000	0.730311	1.078756
60.0	80.0	0.600000	0.714021	1.143914
60.0	80.0	0.650000	0.697732	1.209073
60.0	80.0	0.700000	0.681442	1.274231
60.0	80.0	0.750000	0.665153	1.339390
60.0	80.0	0.800000	0.648863	1.404548
60.0	80.0	0.850000	0.632573	1.469706
60.0	80.0	0.900000	0.616284	1.534865
60.0	80.0	0.950000	0.599994	1.600023
60.0	80.0	1.000000	0.583705	1.665182
60.0	100.0	0.000000	0.909497	0.362013
60.0	100.0	0.050000	0.894611	0.421557
60.0	100.0	0.100000	0.879725	0.481101
60.0	100.0	0.150000	0.864839	0.540644
60.0	100.0	0.200000	0.849953	0.600188
60.0	100.0	0.250000	0.835067	0.659732
60.0	100.0	0.300000	0.820181	0.719275
60.0	100.0	0.350000	0.805295	0.778819
60.0	100.0	0.400000	0.790409	0.838363
60.0	100.0	0.450000	0.775523	0.897906
60.0	100.0	0.500000	0.760637	0.957450
60.0	100.0	0.550000	0.745752	1.016994
60.0	100.0	0.600000	0.730866	1.076538
60.0	100.0	0.650000	0.715980	1.136081
60.0	100.0	0.700000	0.701094	1.195625
60.0	100.0	0.750000	0.686208	1.255169
60.0	100.0	0.800000	0.671322	1.314712
60.0	100.0	0.850000	0.656436	1.374256
60.0	100.0	0.900000	0.641550	1.433800
60.0	100.0	0.950000	0.626664	1.493343
60.0	100.0	1.000000	0.611778	1.552887
60.0	120.0	0.000000	0.909497	0.362013
60.0	120.0	0.050000	0.898232	0.407071
60.0	120.0	0.100000	0.886968	0.452129
60.0	120.0	0.150000	0.875703	0.497187
60.0	120.0	0.200000	0.864439	0.542244
60.0	120.0	0.250000	0.853174	0.587302
60.0	120.0	0.300000	0.841910	0.632360
60.0	120.0	0.350000	0.830646	0.677418
60.0	120.0	0.400000	0.819381	0.722475
60.0	120.0	0.450000	0.808117	0.767533
60.0	120.0	0.500000	0.796852	0.812591
60.0	120.0	0.550000	0.785588	0.857649
60.0	120.0	0.600000	0.774323	0.902706
60.0	120.0	0.650000	0.763059	0.947764
60.0	120.0	0.700000	0.751795	0.992822
60.0	120.0	0.750000	0.740530	1.037880
60.0	120.0	0.800000	0.729266	1.082937
60.0	120.0	0.850000	0.718001	1.127995
60.0	120.0	0.900000	0.706737	1.173053
60.0	120.0	0.950000	0.695472	1.218111
60.0	120.0	1.000000	0.684208	1.263168
80.0	60.0	0.000000	0.909497	0.362013
80.0	60.0	0.050000	0.895085	0.419661
80.0	60.0	0.100000	0.880673	0.477308
80.0	60.0	0.150000	0.866261	0.534955
80.0	60.0	0.200000	0.851849	0.592603
80.0	60.0	0.250000	0.837437	0.650250
80.0	60.0	0.300000	0.823026	0.707898
80.0	60.0	0.350000	0.808614	0.765545
80.0	60.0	0.400000	0.794202	0.823192
80.0	60.0	0.450000	0.779790	0.880840
80.0	60.0	0.500000	0.765378	0.938487
80.0	60.0	0.550000	0.750966	0.996134
80.0	60.0	0.600000	0.736555	1.053782
80.0	60.0	0.650000	0.722143	1.111429
80.0	60.0	0.700000	0.707731	1.169077
80.0	60.0	0.750000	0.693319	1.226724
80.0	60.0	0.800000	0.678907	1.284371
80.0	60.0	0.850000	0.664495	1.342019
80.0	60.0	0.900000	0.650083	1.399666
80.0	60.0	0.950000	0.635672	1.457313
80.0	60.0	1.000000	0.621260	1.514961
80.0	80.0	0.000000	0.909497	0.362013
80.0	80.0	0.050000	0.883456	0.466177
80.0	80.0	0.100000	0.857415	0.570341
80.0	80.0	0.150000	0.831374	0.674504
80.0	80.0	0.200000	0.805333	0.778668
80.0	80.0	0.250000	0.779292	0.882831
80.0	80.0	0.300000	0.753251	0.986995
80.0	80.0	0.350000	0.727210	1.091159
80.0	80.0	0.400000	0.701169	1.195322
80.0	80.0	0.450000	0.675129	1.299486
80.0	80.0	0.500000	0.649088	1.403650
80.0	80.0	0.550000	0.623047	1.507813
80.0	80.0	0.600000	0.597006	1.611977
80.0	80.0	0.650000	0.570965	1.716140
80.0	80.0	0.700000	0.544924	1.820304
80.0	80.0	0.750000	0.518883	1.924468
80.0	80.0	0.800000	0.492842	2.028631
80.0	80.0	0.850000	0.466801	2.132795
80.0	80.0	0.900000	0.440760	2.236959
80.0	80.0	0.950000	0.414719	2.341122
80.0	80.0	1.000000	0.388679	2.445286
80.0	100.0	0.000000	0.909497	0.362013
80.0	100.0	0.050000	0.881052	0.475792
80.0	100.0	0.100000	0.852607	0.589571
80.0	100.0	0.150000	0.824163	0.703349
80.0	100.0	0.200000	0.795718	0.817128
80.0	100.0	0.250000	0.767273	0.930906
80.0	100.0	0.300000	0.738829	1.044685
80.0	100.0	0.350000	0.710384	1.158464
80.0	100.0	0.400000	0.681939	1.272242
80.0	100.0	0.450000	0.653495	1.386021
80.0	100.0	0.500000	0.625050	1.499799
80.0	100.0	0.550000	0.596605	1.613578
80.0	100.0	0.600000	0.568161	1.727357
80.0	100.0	0.650000	0.539716	1.841135
80.0	100.0	0.700000	0.511272	1.954914
80.0	100.0	0.750000	0.482827	2.068693
80.0	100.0	0.800000	0.454382	2.182471
80.0	100.0	0.850000	0.425938	2.296250
80.0	100.0	0.900000	0.397493	2.410028
80.0	100.0	0.950000	0.369048	2.523807
80.0	100.0	1.000000	0.340604	2.637586
80.0	120.0	0.000000	0.909497	0.362013
80.0	120.0	0.050000	0.884431	0.462276
80.0	120.0	0.100000	0.859365	0.562538
80.0	120.0	0.150000	0.834300	0.662801
80.0	120.0	0.200000	0.809234	0.763063
80.0	120.0	0.250000	0.784169	0.863326
80.0	120.0	0.300000	0.759103	0.963588
80.0	120.0	0.350000	0.734037	1.063850
80.0	120.0	0.400000	0.708972	1.164113
80.0	120.0	0.450000	0.683906	1.264375
80.0	120.0	0.500000	0.658841	1.364638
80.0	120.0	0.550000	0.633775	1.464900
80.0	120.0	0.600000	0.608709	1.565163
80.0	120.0	0.650000	0.583644	1.665425
80.0	120.0	0.700000	0.558578	1.765688
80.0	120.0	0.750000	0.533513	1.865950
80.0	120.0	0.800000	0.508447	1.966212
80.0	120.0	0.850000	0.483381	2.066475
80.0	120.0	0.900000	0.458316	2.166737
80.0	120.0	0.950000	0.433250	2.267000
80.0	120.0	1.000000	0.408184	2.367262
100.0	60.0	0.000000	0.909497	0.362013
100.0	60.0	0.050000	0.891808	0.432769
100.0	60.0	0.100000	0.874119	0.503525
100.0	60.0	0.150000	0.856430	0.574280
100.0	60.0	0.200000	0.838741	0.645036
100.0	60.0	0.250000	0.821052	0.715791
100.0	60.0	0.300000	0.803363	0.786547
100.0	60.0	0.350000	0.785674	0.857303
100.0	60.0	0.400000	0.767985	0.928058
100.0	60.0	0.450000	0.750297	0.998814
100.0	60.0	0.500000	0.732608	1.069569
100.0	60.0	0.550000	0.714919	1.140325
100.0	60.0	0.600000	0.697230	1.211081
100.0	60.0	0.650000	0.679541	1.281836
100.0	60.0	0.700000	0.661852	1.352592
100.0	60.0	0.750000	0.644163	1.423348
100.0	60.0	0.800000	0.626474	1.494103
100.0	60.0	0.850000	0.608785	1.564859
100.0	60.0	0.900000	0.591096	1.635614
100.0	60.0	0.950000	0.573408	1.706370
100.0	60.0	1.000000	0.555719	1.777126
100.0	80.0	0.000000	0.909497	0.362013
100.0	80.0	0.050000	0.878303	0.486790
100.0	80.0	0.100000	0.847109	0.611566
100.0	80.0	0.150000	0.815914	0.736342
100.0	80.0	0.200000	0.784720	0.861118
100.0	80.0	0.250000	0.753526	0.985895
100.0	80.0	0.300000	0.722332	1.110671
100.0	80.0	0.350000	0.691138	1.235447
100.0	80.0	0.400000	0.659944	1.360224
100.0	80.0	0.450000	0.628750	1.485000
100.0	80.0	0.500000	0.597556	1.609776
100.0	80.0	0.550000	0.566362	1.734552
100.0	80.0	0.600000	0.535168	1.859329
100.0	80.0	0.650000	0.503974	1.984105
100.0	80.0	0.700000	0.472780	2.108881
100.0	80.0	0.750000	0.441586	2.233657
100.0	80.0	0.800000	0.410392	2.358434
100.0	80.0	0.850000	0.379198	2.483210
100.0	80.0	0.900000	0.348003	2.607986
100.0	80.0	0.950000	0.316809	2.732762
100.0	80.0	1.000000	0.285615	2.857539
100.0	100.0	0.000000	0.909497	0.362013
100.0	100.0	0.050000	0.873729	0.505084
100.0	100.0	0.100000	0.837961	0.648155
100.0	100.0	0.150000	0.802194	0.791226
100.0	100.0	0.200000	0.766426	0.934297
100.0	100.0	0.250000	0.730658	1.077367
100.0	100.0	0.300000	0.694890	1.220438
100.0	100.0	0.350000	0.659123	1.363509
100.0	100.0	0.400000	0.623355	1.506580
100.0	100.0	0.450000	0.587587	1.649651
100.0	100.0	0.500000	0.551820	1.792721
100.0	100.0	0.550000	0.516052	1.935792
100.0	100.0	0.600000	0.480284	2.078863
100.0	100.0	0.650000	0.444517	2.221934
100.0	100.0	0.700000	0.408749	2.365005
100.0	100.0	0.750000	0.372981	2.508075
100.0	100.0	0.800000	0.337213	2.651146
100.0	100.0	0.850000	0.301446	2.794217
100.0	100.0	0.900000	0.265678	2.937288
100.0	100.0	0.950000	0.229910	3.080358
100.0	100.0	1.000000	0.194143	3.223429
100.0	120.0	0.000000	0.909497	0.362013
100.0	120.0	0.050000	0.874158	0.503367
100.0	120.0	0.100000	0.838820	0.644720
100.0	120.0	0.150000	0.803482	0.786073
100.0	120.0	0.200000	0.768144	0.927426
100.0	120.0	0.250000	0.732805	1.068779
100.0	120.0	0.300000	0.697467	1.210132
100.0	120.0	0.350000	0.662129	1.351485
100.0	120.0	0.400000	0.626790	1.492839
100.0	120.0	0.450000	0.591452	1.634192
100.0	120.0	0.500000	0.556114	1.775545
100.0	120.0	0.550000	0.520775	1.916898
100.0	120.0	0.600000	0.485437	2.058251
100.0	120.0	0.650000	0.450099	2.199604
100.0	120.0	0.700000	0.414761	2.340958
100.0	120.0	0.750000	0.379422	2.482311
100.0	120.0	0.800000	0.344084	2.623664
100.0	120.0	0.850000	0.308746	2.765017
100.0	120.0	0.900000	0.273407	2.906370
100.0	120.0	0.950000	0.238069	3.047723
100.0	120.0	1.000000	0.202731	3.189076
